1,0,2.0599053839655728,1.8512337899737783,2.58
1,0,-0.5613588227786244,0.6400184123817944,2.56
1,0,0.5620401229688887,1.6089907144553812,2.48
1,0,0.000340650095132172,1.8512337899737783,2.44
1,0,0.9365064382180597,0.6400184123817944,2.42
1,0,0.000340650095132172,1.1245045634185884,2.39
1,0,0.18757380771971768,0.6400184123817944,2.36
1,0,-0.5613588227786244,1.6089907144553812,2.32
1,0,2.0599053839655728,1.6089907144553812,2.28
1,0,1.6854390687164018,1.6089907144553812,2.24
1,0,1.6854390687164018,1.1245045634185884,2.2
1,0,0.7492732805934742,0.8822614879001913,2.19
1,0,-0.18689250752945333,-0.8134400407285867,2.15
1,0,0.3748069653443032,0.39777533686339733,2.14
1,0,0.000340650095132172,-0.3289538896917926,2.14
1,0,-0.18689250752945333,1.8512337899737783,2.12
1,0,1.1237395958426453,0.39777533686339733,2.11
1,0,0.000340650095132172,-0.5711969652101896,2.1
1,0,0.7492732805934742,1.1245045634185884,2.1
1,0,-1.2541215059895907,0.39777533686339733,2.09
1,0,0.6556567017811814,-0.0867108141733956,2.09
1,0,1.1237395958426453,0.15553226134500034,2.09
1,0,0.9365064382180597,-0.3289538896917926,2.08
1,0,0.3748069653443032,0.6400184123817944,2.07
1,0,-0.37412566515403883,-0.0867108141733956,2.06
1,0,-0.18689250752945333,0.15553226134500034,2.06
1,0,-1.123058295652381,-1.0556831162469835,2.05
1,0,-0.7485919804032098,0.39777533686339733,2.03
1,0,0.3748069653443032,-0.8134400407285867,2.03
1,0,2.0599053839655728,1.1245045634185884,2.02
1,0,0.3748069653443032,-0.8134400407285867,2.01
1,0,-1.3102914532769665,-0.0867108141733956,2.01
1,0,-0.37412566515403883,1.3667476389369844,2.0
1,0,2.0599053839655728,-0.5711969652101896,2.0
1,0,0.000340650095132172,-0.3289538896917926,2.0
1,0,2.0599053839655728,0.6400184123817944,1.99
1,0,2.0599053839655728,0.6400184123817944,1.98
1,0,2.0599053839655728,0.6400184123817944,1.94
1,0,1.6854390687164018,1.8512337899737783,1.93
1,0,-0.37412566515403883,-0.0867108141733956,1.93
1,0,1.4982059110918162,-2.0246554183205707,1.92
1,0,1.1237395958426453,-1.2979261917653795,1.92
1,0,0.9365064382180597,-0.3289538896917926,1.91
1,0,0.7492732805934742,0.39777533686339733,1.9
1,0,-0.37412566515403883,1.8512337899737783,1.9
1,0,1.4982059110918162,0.15553226134500034,1.9
1,0,-0.18689250752945333,-0.3289538896917926,1.89
1,0,-0.2805090863417461,-1.5401692672837766,1.88
1,0,0.000340650095132172,0.6400184123817944,1.88
1,0,0.000340650095132172,-0.5711969652101896,1.88
1,0,1.6854390687164018,0.8822614879001913,1.86
1,0,1.6854390687164018,0.8822614879001913,1.84
1,0,0.5620401229688887,1.6089907144553812,1.84
1,0,1.6854390687164018,0.39777533686339733,1.84
1,0,-0.7485919804032098,1.1245045634185884,1.83
1,0,2.0599053839655728,1.1245045634185884,1.82
1,0,-0.46774224396633163,-0.0867108141733956,1.82
1,0,0.5620401229688887,0.8822614879001913,1.81
1,0,0.3748069653443032,1.3667476389369844,1.8
1,0,0.18757380771971768,0.8822614879001913,1.8
1,0,1.4982059110918162,1.1245045634185884,1.8
1,0,-0.5613588227786244,0.39777533686339733,1.79
1,0,1.3109727534672306,0.39777533686339733,1.79
1,0,0.9365064382180597,0.6400184123817944,1.78
1,0,1.1237395958426453,0.6400184123817944,1.77
1,0,0.5620401229688887,0.8822614879001913,1.76
1,1,-1.3102914532769665,-2.0246554183205707,1.75
1,0,-0.5613588227786244,0.6400184123817944,1.75
1,0,-0.9358251380277953,0.8822614879001913,1.75
1,0,-1.123058295652381,-1.2979261917653795,1.75
1,0,0.5620401229688887,1.6089907144553812,1.74
1,0,0.18757380771971768,0.39777533686339733,1.72
1,0,1.1237395958426453,-0.0867108141733956,1.72
1,0,1.3109727534672306,-2.9936277203941577,1.71
1,0,0.5620401229688887,-0.8134400407285867,1.71
1,0,1.3109727534672306,-0.0867108141733956,1.71
1,0,0.5620401229688887,0.8822614879001913,1.71
1,0,0.18757380771971768,-1.7824123428021736,1.7
1,0,0.3748069653443032,-1.7824123428021736,1.7
1,0,0.5620401229688887,-0.3289538896917926,1.7
1,0,-0.18689250752945333,-1.5401692672837766,1.69
1,0,0.5620401229688887,0.39777533686339733,1.68
1,0,0.3748069653443032,-1.5401692672837766,1.68
1,0,0.09395722890742493,0.39777533686339733,1.68
1,0,0.9365064382180597,1.8512337899737783,1.67
1,0,1.8726722263409872,-1.0556831162469835,1.66
1,0,-0.18689250752945333,0.39777533686339733,1.66
1,0,0.000340650095132172,0.8822614879001913,1.66
1,0,-0.6549754015909172,-2.266898493838968,1.66
1,0,0.7492732805934742,1.1245045634185884,1.66
1,0,-0.37412566515403883,1.6089907144553812,1.65
1,0,-0.7485919804032098,-0.5711969652101896,1.65
1,0,1.3109727534672306,-2.0246554183205707,1.65
1,0,-0.7485919804032098,0.39777533686339733,1.65
1,0,0.9365064382180597,0.8822614879001913,1.63
1,0,-0.37412566515403883,0.6400184123817944,1.63
1,0,0.18757380771971768,-0.5711969652101896,1.62
1,0,0.9365064382180597,-0.0867108141733956,1.61
1,0,1.8726722263409872,1.3667476389369844,1.6
1,0,-0.37412566515403883,-1.2979261917653795,1.58
1,0,1.1237395958426453,0.15553226134500034,1.58
1,0,1.6854390687164018,1.1245045634185884,1.58
1,0,0.000340650095132172,-0.3289538896917926,1.58
1,0,1.4982059110918162,1.6089907144553812,1.58
1,0,0.5620401229688887,0.8822614879001913,1.57
1,0,-0.18689250752945333,-2.7513846448757606,1.57
1,0,0.5620401229688887,0.15553226134500034,1.57
1,0,0.9365064382180597,-0.3289538896917926,1.57
1,0,-0.37412566515403883,0.6400184123817944,1.56
1,0,0.18757380771971768,1.6089907144553812,1.55
1,0,1.1237395958426453,1.3667476389369844,1.54
1,0,-0.5613588227786244,-0.5711969652101896,1.54
1,0,0.3748069653443032,0.8822614879001913,1.53
1,0,0.000340650095132172,-1.5401692672837766,1.53
1,0,0.18757380771971768,0.15553226134500034,1.52
1,0,0.9365064382180597,-0.5711969652101896,1.52
1,0,0.9365064382180597,-0.0867108141733956,1.52
1,0,0.000340650095132172,0.6400184123817944,1.51
1,0,0.9365064382180597,0.8822614879001913,1.51
1,0,-0.5613588227786244,-1.0556831162469835,1.51
1,0,1.8726722263409872,-0.3289538896917926,1.5
1,0,1.3109727534672306,-0.0867108141733956,1.49
1,0,0.18757380771971768,1.1245045634185884,1.49
1,0,-0.37412566515403883,0.6400184123817944,1.48
1,0,-0.8422085592155026,0.6400184123817944,1.47
1,0,0.9365064382180597,1.6089907144553812,1.47
1,0,0.000340650095132172,0.8822614879001913,1.45
1,0,1.3109727534672306,-0.5711969652101896,1.45
1,0,2.0599053839655728,0.8822614879001913,1.44
1,0,0.3748069653443032,0.6400184123817944,1.44
1,0,1.8726722263409872,1.1245045634185884,1.44
1,0,0.5620401229688887,-0.3289538896917926,1.44
1,0,0.18757380771971768,1.8512337899737783,1.43
1,0,1.3109727534672306,-0.5711969652101896,1.43
1,0,0.7492732805934742,0.39777533686339733,1.43
1,0,0.5620401229688887,0.39777533686339733,1.43
1,0,-0.6175287700659995,-0.0867108141733956,1.43
1,0,1.4982059110918162,-1.2979261917653795,1.42
1,0,1.6854390687164018,0.15553226134500034,1.42
1,0,1.4982059110918162,1.1245045634185884,1.42
1,0,-0.18689250752945333,1.3667476389369844,1.41
1,0,-0.8422085592155026,-0.0867108141733956,1.41
1,0,0.000340650095132172,1.1245045634185884,1.4
1,0,-0.7485919804032098,-0.0867108141733956,1.4
1,0,-0.37412566515403883,0.15553226134500034,1.39
1,0,-0.7485919804032098,-0.3289538896917926,1.39
1,0,0.18757380771971768,0.8822614879001913,1.39
1,1,-1.4975246109015519,0.39777533686339733,1.38
1,0,0.18757380771971768,0.39777533686339733,1.38
1,0,-0.7485919804032098,0.8822614879001913,1.37
1,0,0.7492732805934742,-1.0556831162469835,1.37
1,0,1.3109727534672306,-0.3289538896917926,1.37
1,0,-0.09327592871716059,0.6400184123817944,1.37
1,0,-0.37412566515403883,0.8822614879001913,1.37
1,0,0.9365064382180597,0.8822614879001913,1.36
1,0,0.000340650095132172,0.6400184123817944,1.36
1,0,0.000340650095132172,1.1245045634185884,1.35
1,0,0.3748069653443032,-0.5711969652101896,1.35
1,0,-0.7485919804032098,-1.2979261917653795,1.35
1,0,1.3109727534672306,0.39777533686339733,1.35
1,0,-0.9358251380277953,0.6400184123817944,1.34
1,0,0.3748069653443032,-1.0556831162469835,1.34
1,0,0.18757380771971768,-0.0867108141733956,1.34
1,0,0.5620401229688887,0.15553226134500034,1.33
1,1,-2.0592240837753084,-1.5401692672837766,1.33
1,0,0.3748069653443032,0.39777533686339733,1.31
1,0,-0.7485919804032098,0.15553226134500034,1.31
1,0,0.18757380771971768,0.39777533686339733,1.3
1,0,-0.18689250752945333,-0.5711969652101896,1.3
1,0,0.7492732805934742,-0.0867108141733956,1.3
1,0,-0.9358251380277953,0.15553226134500034,1.3
1,0,0.3748069653443032,1.3667476389369844,1.3
1,0,0.18757380771971768,-0.5711969652101896,1.3
1,0,1.6854390687164018,-0.3289538896917926,1.29
1,0,1.6854390687164018,1.3667476389369844,1.27
1,0,-0.7485919804032098,0.15553226134500034,1.27
1,0,-1.123058295652381,0.6400184123817944,1.26
1,0,-0.37412566515403883,-0.8134400407285867,1.26
1,0,1.1237395958426453,1.1245045634185884,1.26
1,0,0.000340650095132172,-0.5711969652101896,1.26
1,0,0.5620401229688887,-0.3289538896917926,1.26
1,0,2.0599053839655728,1.1245045634185884,1.26
1,0,1.3109727534672306,-2.266898493838968,1.26
1,0,0.9365064382180597,1.8512337899737783,1.26
1,0,0.9365064382180597,0.39777533686339733,1.25
1,0,-0.37412566515403883,-0.8134400407285867,1.25
1,0,-0.7485919804032098,-0.3289538896917926,1.24
1,0,0.5620401229688887,0.8822614879001913,1.24
1,0,0.18757380771971768,1.1245045634185884,1.23
1,0,1.6854390687164018,1.1245045634185884,1.23
1,0,0.9365064382180597,0.15553226134500034,1.23
1,0,1.6854390687164018,0.15553226134500034,1.22
1,0,0.000340650095132172,0.39777533686339733,1.22
1,0,-0.37412566515403883,-0.5711969652101896,1.22
1,0,0.7492732805934742,-0.5711969652101896,1.22
1,0,2.0599053839655728,1.3667476389369844,1.21
1,0,-1.4039080320892592,-1.2979261917653795,1.21
1,0,0.9365064382180597,-1.5401692672837766,1.21
1,0,-0.18689250752945333,0.8822614879001913,1.21
1,0,-1.4975246109015519,0.39777533686339733,1.21
1,0,0.5620401229688887,1.3667476389369844,1.21
1,0,0.5620401229688887,1.6089907144553812,1.2
1,0,0.3748069653443032,-0.0867108141733956,1.2
1,0,0.9365064382180597,0.15553226134500034,1.2
1,0,-1.123058295652381,0.8822614879001913,1.19
1,0,0.000340650095132172,-0.8134400407285867,1.19
1,0,-0.7485919804032098,-0.3289538896917926,1.19
1,0,0.3748069653443032,0.15553226134500034,1.19
1,0,-0.18689250752945333,-0.0867108141733956,1.19
1,0,0.3748069653443032,0.6400184123817944,1.19
1,0,-1.3102914532769665,1.3667476389369844,1.18
1,0,0.18757380771971768,0.15553226134500034,1.17
1,0,0.5620401229688887,-0.3289538896917926,1.17
1,0,-0.2805090863417461,-1.2979261917653795,1.17
1,0,1.8726722263409872,1.6089907144553812,1.17
1,0,-0.18689250752945333,-0.3289538896917926,1.16
1,0,0.000340650095132172,-0.8134400407285867,1.16
1,0,-0.46774224396633163,0.39777533686339733,1.16
1,0,-0.18689250752945333,-0.8134400407285867,1.15
1,0,-0.18689250752945333,0.39777533686339733,1.15
1,0,-0.37412566515403883,0.39777533686339733,1.15
1,0,0.3748069653443032,0.15553226134500034,1.15
1,0,0.18757380771971768,0.39777533686339733,1.15
1,0,0.7492732805934742,0.6400184123817944,1.14
1,0,0.842889859405767,1.3667476389369844,1.13
1,0,0.7492732805934742,1.3667476389369844,1.13
1,0,1.1237395958426453,1.1245045634185884,1.13
1,0,0.9365064382180597,0.39777533686339733,1.13
1,0,0.9365064382180597,0.8822614879001913,1.12
1,0,1.6854390687164018,1.1245045634185884,1.12
1,0,-0.5613588227786244,-0.8134400407285867,1.11
1,0,0.5620401229688887,-0.5711969652101896,1.11
1,0,-0.5613588227786244,-1.0556831162469835,1.11
1,0,0.18757380771971768,-1.2979261917653795,1.1
1,0,-1.0294417168400882,0.6400184123817944,1.1
1,0,0.3748069653443032,0.6400184123817944,1.1
1,0,-0.18689250752945333,0.39777533686339733,1.1
1,0,-1.123058295652381,1.1245045634185884,1.09
1,0,-0.9358251380277953,-0.3289538896917926,1.09
1,0,1.1237395958426453,0.39777533686339733,1.08
1,0,1.1237395958426453,0.15553226134500034,1.08
1,0,1.6854390687164018,-0.0867108141733956,1.08
1,0,0.9365064382180597,0.15553226134500034,1.08
1,0,-0.09327592871716059,1.3667476389369844,1.08
1,0,0.9365064382180597,0.8822614879001913,1.07
1,0,-0.18689250752945333,-0.5711969652101896,1.07
1,0,1.1237395958426453,0.15553226134500034,1.07
1,0,0.000340650095132172,-0.5711969652101896,1.07
1,0,1.3109727534672306,0.8822614879001913,1.07
1,0,0.5620401229688887,-0.3289538896917926,1.06
1,0,0.000340650095132172,0.39777533686339733,1.05
1,0,-0.18689250752945333,0.8822614879001913,1.05
1,0,0.3748069653443032,-0.5711969652101896,1.05
1,0,0.5620401229688887,-0.3289538896917926,1.05
1,0,0.5620401229688887,1.1245045634185884,1.04
1,0,1.6854390687164018,0.15553226134500034,1.04
1,0,0.18757380771971768,0.15553226134500034,1.04
1,0,0.5620401229688887,-2.5091415693573635,1.04
1,0,0.9365064382180597,0.15553226134500034,1.04
1,0,-1.123058295652381,0.39777533686339733,1.02
1,0,-0.37412566515403883,-0.3289538896917926,1.02
1,0,0.46842354415659593,0.15553226134500034,1.02
1,0,-0.37412566515403883,-0.5711969652101896,1.02
1,0,-0.18689250752945333,0.6400184123817944,1.02
1,0,-0.46774224396633163,-0.0867108141733956,1.01
1,0,-0.9358251380277953,-0.0867108141733956,1.01
1,0,0.000340650095132172,-0.3289538896917926,1.0
1,0,1.6854390687164018,0.8822614879001913,1.0
1,0,0.5620401229688887,-0.0867108141733956,1.0
1,0,-0.18689250752945333,1.6089907144553812,1.0
1,0,0.7492732805934742,0.6400184123817944,1.0
1,0,-0.37412566515403883,0.39777533686339733,0.99
1,0,0.000340650095132172,-0.3289538896917926,0.99
1,0,0.842889859405767,0.39777533686339733,0.99
1,0,1.3109727534672306,-0.0867108141733956,0.99
1,0,0.7492732805934742,0.15553226134500034,0.98
1,0,0.18757380771971768,0.15553226134500034,0.98
1,0,0.000340650095132172,0.39777533686339733,0.98
1,0,0.18757380771971768,-0.0867108141733956,0.98
1,0,0.3748069653443032,1.3667476389369844,0.97
1,1,-1.3102914532769665,-0.3289538896917926,0.97
1,0,-0.18689250752945333,-1.0556831162469835,0.97
1,0,-1.123058295652381,-1.0556831162469835,0.97
1,0,-0.5613588227786244,-0.3289538896917926,0.97
1,0,0.9365064382180597,0.39777533686339733,0.96
1,0,0.7492732805934742,-1.5401692672837766,0.96
1,0,-2.340073820212187,1.1245045634185884,0.96
1,0,1.3109727534672306,-1.0556831162469835,0.96
1,1,-3.5570893447719927,0.6400184123817944,0.95
1,0,0.3748069653443032,0.6400184123817944,0.95
1,0,0.3748069653443032,1.3667476389369844,0.95
1,0,0.000340650095132172,1.6089907144553812,0.95
1,0,0.18757380771971768,1.1245045634185884,0.95
1,0,0.000340650095132172,1.1245045634185884,0.95
1,0,-0.5613588227786244,0.15553226134500034,0.94
1,0,-0.9358251380277953,-0.5711969652101896,0.94
1,0,1.0301230170303526,0.8822614879001913,0.94
1,0,0.5620401229688887,-0.3289538896917926,0.94
1,0,-0.6549754015909172,1.8512337899737783,0.94
1,0,0.5620401229688887,0.39777533686339733,0.94
1,0,-0.37412566515403883,1.1245045634185884,0.94
1,0,0.9365064382180597,0.39777533686339733,0.94
1,0,0.5620401229688887,0.15553226134500034,0.93
1,0,0.9365064382180597,0.8822614879001913,0.93
1,0,-1.123058295652381,-0.3289538896917926,0.93
1,0,0.09395722890742493,0.39777533686339733,0.93
1,0,-0.8422085592155026,-0.3289538896917926,0.93
1,0,1.1237395958426453,0.8822614879001913,0.93
1,0,2.0599053839655728,-0.0867108141733956,0.93
1,0,0.7492732805934742,-0.3289538896917926,0.92
1,0,-0.9358251380277953,0.39777533686339733,0.92
1,0,1.8726722263409872,-1.0556831162469835,0.92
1,0,0.7492732805934742,-0.0867108141733956,0.92
1,0,0.3748069653443032,0.8822614879001913,0.92
1,0,1.4982059110918162,-0.8134400407285867,0.92
1,0,1.8726722263409872,0.6400184123817944,0.91
1,0,0.9365064382180597,1.3667476389369844,0.91
1,0,-0.7485919804032098,0.39777533686339733,0.91
1,0,0.18757380771971768,0.15553226134500034,0.91
1,0,-0.18689250752945333,1.6089907144553812,0.9
1,0,-0.18689250752945333,0.6400184123817944,0.9
1,0,1.8726722263409872,0.8822614879001913,0.9
1,0,-0.18689250752945333,0.6400184123817944,0.9
1,0,-0.37412566515403883,0.15553226134500034,0.9
1,0,0.9365064382180597,-0.3289538896917926,0.9
1,0,-0.9358251380277953,0.15553226134500034,0.9
1,0,-0.09327592871716059,0.8822614879001913,0.9
1,0,0.000340650095132172,-0.5711969652101896,0.89
1,0,0.7492732805934742,0.15553226134500034,0.89
1,0,-0.46774224396633163,0.6400184123817944,0.89
1,0,0.3748069653443032,1.1245045634185884,0.88
1,0,0.5620401229688887,0.39777533686339733,0.88
1,0,-1.123058295652381,1.1245045634185884,0.88
1,0,-0.37412566515403883,-1.2979261917653795,0.88
1,0,-0.7485919804032098,0.8822614879001913,0.88
1,0,0.7492732805934742,-0.3289538896917926,0.88
1,0,-0.37412566515403883,-0.5711969652101896,0.88
1,0,-0.37412566515403883,0.6400184123817944,0.88
1,0,1.3109727534672306,0.39777533686339733,0.87
1,0,0.000340650095132172,1.8512337899737783,0.87
1,0,1.1237395958426453,0.15553226134500034,0.87
1,0,0.9365064382180597,-0.8134400407285867,0.87
1,0,-0.5613588227786244,-0.3289538896917926,0.87
1,0,1.6854390687164018,0.8822614879001913,0.87
1,0,-1.3102914532769665,-0.0867108141733956,0.86
1,0,1.6854390687164018,1.6089907144553812,0.86
1,0,0.5620401229688887,0.6400184123817944,0.86
1,0,0.9365064382180597,0.15553226134500034,0.86
1,0,-0.5613588227786244,0.6400184123817944,0.85
1,0,-0.37412566515403883,-1.0556831162469835,0.85
1,0,-0.9358251380277953,0.39777533686339733,0.85
1,0,0.9365064382180597,-0.5711969652101896,0.85
1,0,0.7492732805934742,1.1245045634185884,0.85
1,0,0.5620401229688887,-0.3289538896917926,0.84
1,1,-2.620923556649065,-1.5401692672837766,0.84
1,0,0.000340650095132172,0.8822614879001913,0.84
1,0,-2.4336903990244796,-1.0556831162469835,0.84
1,0,-0.37412566515403883,-0.5711969652101896,0.84
1,0,-0.18689250752945333,-0.3289538896917926,0.84
1,0,-0.5613588227786244,0.15553226134500034,0.84
1,0,0.5620401229688887,0.15553226134500034,0.83
1,0,-0.37412566515403883,0.39777533686339733,0.83
1,0,-1.123058295652381,0.6400184123817944,0.83
1,0,0.7492732805934742,1.3667476389369844,0.83
1,0,0.18757380771971768,0.39777533686339733,0.83
1,0,0.7492732805934742,0.6400184123817944,0.83
1,0,-0.7485919804032098,-0.0867108141733956,0.82
1,0,-0.18689250752945333,0.39777533686339733,0.82
1,0,1.8726722263409872,-1.0556831162469835,0.82
1,0,-0.5613588227786244,0.6400184123817944,0.82
1,0,-1.7783743473384301,0.39777533686339733,0.82
1,0,0.9365064382180597,0.8822614879001913,0.82
1,0,0.9365064382180597,-0.0867108141733956,0.82
1,0,-0.46774224396633163,-0.0867108141733956,0.82
1,0,0.3748069653443032,-1.2979261917653795,0.82
1,0,0.09395722890742493,-0.5711969652101896,0.81
1,0,0.18757380771971768,0.39777533686339733,0.81
1,0,-0.37412566515403883,0.39777533686339733,0.81
1,0,0.000340650095132172,1.6089907144553812,0.81
1,0,1.3109727534672306,0.39777533686339733,0.81
1,0,1.6854390687164018,0.8822614879001913,0.8
1,0,0.5620401229688887,0.6400184123817944,0.8
1,0,1.1237395958426453,1.1245045634185884,0.8
1,0,-0.5613588227786244,1.3667476389369844,0.8
1,0,1.1237395958426453,-0.3289538896917926,0.8
1,0,-0.46774224396633163,-0.3289538896917926,0.8
1,0,1.1237395958426453,0.15553226134500034,0.8
1,1,-2.620923556649065,0.6400184123817944,0.8
1,0,-1.7409277158135132,1.3667476389369844,0.8
1,0,-1.2166748744646736,-0.0867108141733956,0.8
1,0,1.3109727534672306,1.3667476389369844,0.79
1,0,-0.5613588227786244,0.39777533686339733,0.79
1,0,-1.5911411897138448,0.6400184123817944,0.79
1,0,1.6854390687164018,0.15553226134500034,0.79
1,0,-0.8422085592155026,-1.2979261917653795,0.78
1,0,1.3109727534672306,1.1245045634185884,0.78
1,0,0.000340650095132172,0.15553226134500034,0.78
1,0,0.000340650095132172,0.8822614879001913,0.78
1,0,0.9365064382180597,-0.0867108141733956,0.78
1,0,0.3748069653443032,1.1245045634185884,0.78
1,0,-0.9358251380277953,1.1245045634185884,0.78
1,0,-0.8422085592155026,-0.3289538896917926,0.78
1,0,-0.5613588227786244,-0.0867108141733956,0.77
1,0,0.9365064382180597,1.3667476389369844,0.77
1,0,-0.5613588227786244,0.39777533686339733,0.77
1,0,0.000340650095132172,-0.5711969652101896,0.77
1,0,0.9365064382180597,-1.2979261917653795,0.77
1,0,-1.4975246109015519,-0.5711969652101896,0.77
1,0,0.9365064382180597,0.39777533686339733,0.77
1,0,0.9365064382180597,0.15553226134500034,0.77
1,0,0.18757380771971768,0.8822614879001913,0.77
1,0,-0.2805090863417461,-0.5711969652101896,0.76
1,0,-0.37412566515403883,-0.5711969652101896,0.76
1,0,0.18757380771971768,-0.8134400407285867,0.76
1,0,0.9365064382180597,0.8822614879001913,0.75
1,0,0.3748069653443032,0.39777533686339733,0.75
1,0,1.1237395958426453,-3.2358707959125543,0.75
1,0,-0.37412566515403883,-0.0867108141733956,0.75
1,0,-0.9358251380277953,0.39777533686339733,0.75
1,0,1.6854390687164018,0.8822614879001913,0.74
1,0,0.7492732805934742,-0.0867108141733956,0.74
1,0,-0.5613588227786244,-2.7513846448757606,0.74
1,0,-0.37412566515403883,0.8822614879001913,0.74
1,0,1.3109727534672306,1.3667476389369844,0.74
1,0,0.18757380771971768,0.8822614879001913,0.74
1,0,1.1237395958426453,-0.0867108141733956,0.73
1,0,0.5620401229688887,0.6400184123817944,0.73
1,0,0.9365064382180597,-1.0556831162469835,0.73
1,0,-0.18689250752945333,0.15553226134500034,0.72
1,0,0.7492732805934742,0.39777533686339733,0.71
1,0,0.000340650095132172,1.3667476389369844,0.71
1,0,-0.5613588227786244,0.39777533686339733,0.71
1,0,-0.18689250752945333,0.39777533686339733,0.71
1,0,1.8726722263409872,-0.5711969652101896,0.71
1,0,0.000340650095132172,0.8822614879001913,0.71
1,0,1.1237395958426453,-1.0556831162469835,0.71
1,0,-0.37412566515403883,-1.0556831162469835,0.71
1,0,0.5620401229688887,-0.0867108141733956,0.71
1,0,0.3748069653443032,-0.8134400407285867,0.7
1,0,-0.7485919804032098,1.3667476389369844,0.7
1,0,-0.46774224396633163,0.6400184123817944,0.7
1,0,-1.3102914532769665,-1.5401692672837766,0.7
1,0,1.6854390687164018,1.1245045634185884,0.7
1,0,-1.123058295652381,-0.8134400407285867,0.7
1,0,-0.9358251380277953,0.8822614879001913,0.69
1,0,-0.7485919804032098,-0.8134400407285867,0.69
1,0,0.000340650095132172,0.15553226134500034,0.69
1,0,0.000340650095132172,0.6400184123817944,0.69
1,0,-0.5613588227786244,0.15553226134500034,0.68
1,0,-0.5613588227786244,1.3667476389369844,0.68
1,0,-0.37412566515403883,-0.3289538896917926,0.68
1,0,0.000340650095132172,-0.0867108141733956,0.68
1,0,-0.7485919804032098,0.15553226134500034,0.68
1,0,-0.37412566515403883,0.8822614879001913,0.67
1,0,0.5620401229688887,-0.0867108141733956,0.67
1,0,-0.7485919804032098,-2.266898493838968,0.67
1,0,-0.5613588227786244,0.6400184123817944,0.66
1,0,0.000340650095132172,1.3667476389369844,0.66
1,0,1.8726722263409872,1.8512337899737783,0.66
1,0,-0.37412566515403883,0.8822614879001913,0.66
1,0,0.18757380771971768,0.39777533686339733,0.66
1,0,-0.7485919804032098,1.6089907144553812,0.65
1,0,-0.37412566515403883,1.3667476389369844,0.65
1,0,0.9365064382180597,-0.0867108141733956,0.65
1,0,0.09395722890742493,0.8822614879001913,0.65
1,0,1.1237395958426453,0.15553226134500034,0.65
1,0,-0.7485919804032098,-0.5711969652101896,0.65
1,1,0.000340650095132172,-0.0867108141733956,0.64
1,0,0.5620401229688887,-0.8134400407285867,0.64
1,0,0.000340650095132172,0.39777533686339733,0.64
1,0,0.9365064382180597,-0.0867108141733956,0.64
1,0,1.4982059110918162,-0.5711969652101896,0.64
1,0,0.46842354415659593,0.39777533686339733,0.64
1,0,0.3748069653443032,-0.3289538896917926,0.64
1,0,-0.8422085592155026,-0.5711969652101896,0.64
1,0,0.9365064382180597,0.8822614879001913,0.63
1,0,-0.18689250752945333,-0.8134400407285867,0.63
1,0,-0.37412566515403883,-2.5091415693573635,0.63
1,0,0.5620401229688887,-1.2979261917653795,0.63
1,0,0.7492732805934742,0.15553226134500034,0.62
1,0,-1.8719909261507228,-0.0867108141733956,0.62
1,0,1.1237395958426453,-0.8134400407285867,0.62
1,0,1.4982059110918162,1.6089907144553812,0.62
1,0,-0.5613588227786244,1.1245045634185884,0.62
1,0,0.000340650095132172,0.6400184123817944,0.62
1,0,-0.18689250752945333,0.15553226134500034,0.61
1,0,-1.5911411897138448,-0.8134400407285867,0.61
1,0,-0.5613588227786244,0.6400184123817944,0.61
1,0,-0.9358251380277953,1.1245045634185884,0.61
1,0,-0.5613588227786244,-1.2979261917653795,0.61
1,0,-0.37412566515403883,-0.3289538896917926,0.6
1,0,-0.37412566515403883,0.6400184123817944,0.6
1,0,1.1237395958426453,-1.5401692672837766,0.6
1,0,-0.7485919804032098,-0.0867108141733956,0.6
1,0,-1.0294417168400882,0.6400184123817944,0.6
1,0,-0.5613588227786244,-0.5711969652101896,0.6
1,0,1.1237395958426453,-1.0556831162469835,0.6
1,0,0.5620401229688887,1.6089907144553812,0.6
1,0,-0.5613588227786244,-1.0556831162469835,0.6
1,0,0.000340650095132172,0.8822614879001913,0.59
1,0,1.4982059110918162,-2.266898493838968,0.59
1,0,0.5620401229688887,1.8512337899737783,0.59
1,0,-0.9358251380277953,-1.7824123428021736,0.59
1,0,0.18757380771971768,0.39777533686339733,0.59
1,0,1.3109727534672306,0.39777533686339733,0.59
1,0,-1.8719909261507228,1.3667476389369844,0.58
1,0,-1.4975246109015519,0.15553226134500034,0.58
1,0,0.18757380771971768,-0.5711969652101896,0.58
1,0,0.000340650095132172,-0.0867108141733956,0.58
1,0,0.3748069653443032,-0.8134400407285867,0.58
1,0,1.1237395958426453,0.6400184123817944,0.58
1,0,0.3748069653443032,-0.3289538896917926,0.58
1,0,-0.37412566515403883,-0.3289538896917926,0.57
1,0,1.8726722263409872,0.6400184123817944,0.57
1,0,1.1237395958426453,0.39777533686339733,0.57
1,0,-0.18689250752945333,-0.5711969652101896,0.57
1,0,0.5620401229688887,0.15553226134500034,0.57
1,0,0.000340650095132172,0.39777533686339733,0.57
1,0,0.18757380771971768,-0.3289538896917926,0.57
1,0,0.18757380771971768,0.6400184123817944,0.56
1,0,-0.18689250752945333,-0.8134400407285867,0.56
1,0,-0.8422085592155026,0.15553226134500034,0.56
1,0,-0.5613588227786244,0.39777533686339733,0.55
1,0,-0.5613588227786244,-2.5091415693573635,0.55
1,0,0.18757380771971768,-0.5711969652101896,0.55
1,0,0.3748069653443032,1.8512337899737783,0.55
1,0,0.3748069653443032,0.15553226134500034,0.55
1,0,-0.5613588227786244,0.6400184123817944,0.55
1,0,0.18757380771971768,0.6400184123817944,0.55
1,0,2.0599053839655728,1.3667476389369844,0.54
1,0,0.5620401229688887,0.39777533686339733,0.54
1,0,-0.9358251380277953,-0.5711969652101896,0.54
1,0,0.5620401229688887,0.6400184123817944,0.54
1,0,1.6854390687164018,0.8822614879001913,0.54
1,0,0.000340650095132172,-0.3289538896917926,0.54
1,0,1.1237395958426453,-0.5711969652101896,0.54
1,0,0.18757380771971768,-0.3289538896917926,0.54
1,0,0.3748069653443032,-0.8134400407285867,0.54
1,0,1.1237395958426453,-0.8134400407285867,0.54
1,0,0.5620401229688887,1.3667476389369844,0.54
1,0,0.000340650095132172,0.15553226134500034,0.54
1,0,-0.5613588227786244,-0.3289538896917926,0.53
1,0,-0.37412566515403883,0.15553226134500034,0.53
1,0,-0.18689250752945333,0.15553226134500034,0.53
1,0,0.7492732805934742,0.6400184123817944,0.52
1,0,0.7492732805934742,0.6400184123817944,0.52
1,0,0.28119038653201045,0.6400184123817944,0.52
1,0,0.3748069653443032,0.6400184123817944,0.52
1,0,0.5620401229688887,-3.720356946949348,0.52
1,0,-0.37412566515403883,1.1245045634185884,0.52
1,0,-1.123058295652381,0.15553226134500034,0.51
1,0,0.000340650095132172,1.3667476389369844,0.51
1,0,-0.5613588227786244,0.6400184123817944,0.51
1,0,-0.37412566515403883,-0.8134400407285867,0.51
1,0,-0.18689250752945333,-0.0867108141733956,0.51
1,0,2.0599053839655728,0.15553226134500034,0.51
1,0,0.5620401229688887,1.1245045634185884,0.51
1,0,1.4982059110918162,0.8822614879001913,0.5
1,0,-0.9358251380277953,0.8822614879001913,0.5
1,0,0.000340650095132172,1.6089907144553812,0.5
1,0,0.46842354415659593,-0.0867108141733956,0.5
1,0,0.28119038653201045,0.8822614879001913,0.5
1,0,-0.5613588227786244,-0.8134400407285867,0.5
1,0,0.5620401229688887,-1.0556831162469835,0.49
1,0,0.7492732805934742,-1.0556831162469835,0.49
1,0,0.3748069653443032,1.8512337899737783,0.48
1,0,-1.1792282429397567,-0.3289538896917926,0.48
1,0,2.0599053839655728,0.8822614879001913,0.48
1,0,1.3109727534672306,-0.5711969652101896,0.48
1,0,-0.18689250752945333,-1.0556831162469835,0.48
1,0,1.1237395958426453,1.1245045634185884,0.48
1,0,0.5620401229688887,0.15553226134500034,0.48
1,0,-0.804761927690585,-2.0246554183205707,0.47
1,0,-0.37412566515403883,-0.0867108141733956,0.47
1,0,0.000340650095132172,0.39777533686339733,0.47
1,0,1.1237395958426453,-0.8134400407285867,0.47
1,0,2.0599053839655728,0.39777533686339733,0.47
1,0,-0.7485919804032098,-0.5711969652101896,0.47
1,0,0.9365064382180597,1.1245045634185884,0.47
1,0,-1.0294417168400882,-1.5401692672837766,0.47
1,0,-0.37412566515403883,-0.0867108141733956,0.46
1,0,1.4982059110918162,-0.8134400407285867,0.46
1,0,-0.9358251380277953,1.1245045634185884,0.46
1,0,0.7492732805934742,1.6089907144553812,0.46
1,0,-0.18689250752945333,-0.0867108141733956,0.46
1,0,-1.4975246109015519,-0.8134400407285867,0.46
1,0,-0.5613588227786244,0.15553226134500034,0.46
1,0,0.9365064382180597,1.1245045634185884,0.46
1,0,0.3748069653443032,0.15553226134500034,0.46
1,0,0.5620401229688887,0.6400184123817944,0.46
1,0,-0.18689250752945333,-0.8134400407285867,0.46
1,0,0.7492732805934742,0.39777533686339733,0.46
1,0,0.5620401229688887,0.15553226134500034,0.45
1,0,0.7492732805934742,1.8512337899737783,0.45
1,0,-0.18689250752945333,1.6089907144553812,0.45
1,0,0.5620401229688887,-0.0867108141733956,0.44
1,0,0.9365064382180597,-0.3289538896917926,0.44
1,0,0.9365064382180597,-0.3289538896917926,0.44
1,0,-0.7485919804032098,0.8822614879001913,0.44
1,0,0.000340650095132172,-0.5711969652101896,0.44
1,0,-0.18689250752945333,-0.3289538896917926,0.44
1,0,1.3109727534672306,1.6089907144553812,0.44
1,0,0.7492732805934742,1.3667476389369844,0.44
1,0,-1.6847577685261375,0.39777533686339733,0.44
1,0,-0.37412566515403883,0.39777533686339733,0.43
1,0,-0.6549754015909172,1.1245045634185884,0.43
1,0,0.5620401229688887,-0.0867108141733956,0.43
1,1,-0.5613588227786244,-1.2979261917653795,0.43
1,0,1.4982059110918162,-0.0867108141733956,0.43
1,0,0.5620401229688887,1.6089907144553812,0.43
1,0,1.4982059110918162,-0.0867108141733956,0.42
1,0,1.4982059110918162,-0.0867108141733956,0.42
1,0,-0.18689250752945333,-1.0556831162469835,0.42
1,0,-1.3102914532769665,1.6089907144553812,0.42
1,0,1.4982059110918162,-0.8134400407285867,0.42
1,0,-1.123058295652381,-0.8134400407285867,0.41
1,0,0.000340650095132172,1.1245045634185884,0.41
1,0,1.1237395958426453,-0.3289538896917926,0.41
1,0,-0.5613588227786244,0.39777533686339733,0.41
1,0,-1.8719909261507228,1.1245045634185884,0.41
1,0,-0.7485919804032098,-0.5711969652101896,0.41
1,0,0.9365064382180597,0.8822614879001913,0.41
1,0,1.8726722263409872,-0.0867108141733956,0.4
1,0,0.9365064382180597,1.1245045634185884,0.4
1,0,-0.37412566515403883,1.8512337899737783,0.4
1,0,0.000340650095132172,-0.5711969652101896,0.4
1,0,-0.9358251380277953,0.8822614879001913,0.4
1,0,2.0599053839655728,-0.8134400407285867,0.4
1,0,-0.18689250752945333,-0.3289538896917926,0.39
1,0,0.3748069653443032,-0.0867108141733956,0.39
1,0,-0.9358251380277953,-1.0556831162469835,0.39
1,0,-0.5613588227786244,1.3667476389369844,0.38
1,0,-0.37412566515403883,-0.0867108141733956,0.38
1,0,0.7492732805934742,-0.8134400407285867,0.38
1,0,0.46842354415659593,-0.5711969652101896,0.38
1,0,0.3748069653443032,1.1245045634185884,0.38
1,0,-0.18689250752945333,-0.3289538896917926,0.37
1,0,-0.18689250752945333,-0.0867108141733956,0.37
1,0,0.3748069653443032,0.6400184123817944,0.37
1,1,0.7492732805934742,-0.5711969652101896,0.37
1,0,-0.9358251380277953,0.6400184123817944,0.37
1,0,-1.815820978863347,-0.5711969652101896,0.37
1,0,0.000340650095132172,0.39777533686339733,0.37
1,0,1.4982059110918162,-0.8134400407285867,0.37
1,0,-0.18689250752945333,0.6400184123817944,0.36
1,0,-0.18689250752945333,0.6400184123817944,0.36
1,0,0.7492732805934742,0.8822614879001913,0.36
1,0,0.18757380771971768,0.8822614879001913,0.36
1,0,0.5620401229688887,-0.8134400407285867,0.36
1,0,0.3748069653443032,-0.5711969652101896,0.36
1,0,1.1237395958426453,1.3667476389369844,0.36
1,0,-0.18689250752945333,-0.5711969652101896,0.36
1,0,-0.5613588227786244,0.6400184123817944,0.35
1,0,-0.18689250752945333,-0.8134400407285867,0.35
1,0,-0.5613588227786244,-0.3289538896917926,0.35
1,0,-0.37412566515403883,-0.0867108141733956,0.35
1,0,-1.5911411897138448,-0.3289538896917926,0.35
1,0,0.5620401229688887,0.6400184123817944,0.35
1,0,1.4982059110918162,-0.3289538896917926,0.35
1,0,0.18757380771971768,0.6400184123817944,0.35
1,0,0.9365064382180597,1.1245045634185884,0.34
1,0,0.3748069653443032,-1.0556831162469835,0.34
1,0,-0.18689250752945333,-0.8134400407285867,0.34
1,0,-0.2805090863417461,-0.0867108141733956,0.34
1,0,-0.5613588227786244,-1.2979261917653795,0.34
1,0,0.18757380771971768,-0.5711969652101896,0.34
1,0,-0.9358251380277953,-0.8134400407285867,0.33
1,0,-1.0294417168400882,0.39777533686339733,0.33
1,0,0.18757380771971768,1.1245045634185884,0.33
1,0,0.5620401229688887,0.15553226134500034,0.33
1,0,1.1237395958426453,0.8822614879001913,0.32
1,0,0.000340650095132172,-2.7513846448757606,0.32
1,0,0.9365064382180597,1.6089907144553812,0.32
1,0,-0.7485919804032098,0.6400184123817944,0.32
1,0,-0.37412566515403883,-0.3289538896917926,0.31
1,0,2.0599053839655728,-1.0556831162469835,0.31
1,0,1.4982059110918162,-0.0867108141733956,0.31
1,0,0.18757380771971768,1.1245045634185884,0.31
1,0,-0.37412566515403883,-0.5711969652101896,0.31
1,0,0.5620401229688887,-0.5711969652101896,0.3
1,0,0.5620401229688887,1.3667476389369844,0.3
1,0,0.000340650095132172,-0.8134400407285867,0.3
1,0,-0.37412566515403883,-0.5711969652101896,0.3
1,0,-0.18689250752945333,1.3667476389369844,0.3
1,0,0.000340650095132172,-0.5711969652101896,0.29
1,0,0.09395722890742493,0.6400184123817944,0.29
1,0,0.000340650095132172,0.8822614879001913,0.29
1,0,-0.8422085592155026,-0.0867108141733956,0.29
1,0,1.8726722263409872,-1.0556831162469835,0.29
1,0,1.3109727534672306,1.1245045634185884,0.29
1,0,1.1237395958426453,1.1245045634185884,0.28
1,0,0.9365064382180597,1.3667476389369844,0.28
1,0,-0.5613588227786244,0.15553226134500034,0.28
1,0,-0.6549754015909172,1.3667476389369844,0.28
1,0,0.18757380771971768,-0.5711969652101896,0.28
1,0,1.3109727534672306,1.1245045634185884,0.27
1,0,-0.37412566515403883,1.3667476389369844,0.27
1,0,0.7492732805934742,-0.0867108141733956,0.27
1,0,0.18757380771971768,-0.5711969652101896,0.27
1,0,0.5620401229688887,1.8512337899737783,0.27
1,0,-1.0294417168400882,0.15553226134500034,0.27
1,0,0.7492732805934742,0.6400184123817944,0.27
1,0,0.18757380771971768,0.39777533686339733,0.27
1,0,-0.37412566515403883,0.15553226134500034,0.27
1,0,-0.18689250752945333,0.15553226134500034,0.27
1,0,-1.2166748744646736,0.6400184123817944,0.27
1,0,-0.18689250752945333,0.8822614879001913,0.27
1,0,0.9365064382180597,-0.8134400407285867,0.26
1,0,0.5620401229688887,0.39777533686339733,0.26
1,0,0.5620401229688887,-1.0556831162469835,0.26
1,0,0.7492732805934742,-1.5401692672837766,0.26
1,0,0.000340650095132172,0.6400184123817944,0.26
1,0,0.7492732805934742,0.6400184123817944,0.25
1,0,0.7492732805934742,1.1245045634185884,0.25
1,0,-1.2166748744646736,-0.3289538896917926,0.25
1,0,0.5620401229688887,1.1245045634185884,0.24
1,0,0.18757380771971768,-0.8134400407285867,0.24
1,0,-1.8719909261507228,0.15553226134500034,0.24
1,0,1.1237395958426453,0.6400184123817944,0.24
1,0,-0.7485919804032098,0.8822614879001913,0.24
1,0,0.3748069653443032,0.6400184123817944,0.24
1,0,0.000340650095132172,0.6400184123817944,0.24
1,0,-1.123058295652381,1.1245045634185884,0.24
1,0,0.18757380771971768,1.1245045634185884,0.24
1,0,1.4982059110918162,-0.5711969652101896,0.24
1,0,-0.18689250752945333,-1.5401692672837766,0.24
1,0,1.3109727534672306,1.8512337899737783,0.24
1,0,2.0599053839655728,0.8822614879001913,0.23
1,0,-1.6847577685261375,-0.0867108141733956,0.23
1,0,0.18757380771971768,-0.0867108141733956,0.23
1,0,-0.46774224396633163,-0.0867108141733956,0.22
1,0,0.5620401229688887,-0.0867108141733956,0.22
1,0,-1.4975246109015519,-0.5711969652101896,0.22
1,0,0.3748069653443032,0.15553226134500034,0.22
1,0,0.5620401229688887,0.8822614879001913,0.22
1,0,-0.3179557178666637,0.15553226134500034,0.22
1,0,-0.5613588227786244,0.39777533686339733,0.22
1,0,-0.18689250752945333,0.6400184123817944,0.22
1,0,-0.18689250752945333,-0.8134400407285867,0.21
1,0,0.18757380771971768,-1.0556831162469835,0.21
1,0,0.5620401229688887,-0.5711969652101896,0.21
1,0,1.1237395958426453,0.8822614879001913,0.21
1,0,0.18757380771971768,-1.0556831162469835,0.21
1,0,-0.8422085592155026,-0.3289538896917926,0.21
1,0,1.6854390687164018,-1.7824123428021736,0.21
1,0,2.0599053839655728,-1.0556831162469835,0.2
1,0,0.7492732805934742,-2.9936277203941577,0.2
1,0,0.000340650095132172,-0.8134400407285867,0.2
1,0,-1.0294417168400882,-0.8134400407285867,0.2
1,0,0.18757380771971768,-0.0867108141733956,0.2
1,0,-0.09327592871716059,-0.3289538896917926,0.2
1,0,1.1237395958426453,-0.8134400407285867,0.2
1,0,1.1237395958426453,-1.5401692672837766,0.2
1,0,0.18757380771971768,1.6089907144553812,0.2
1,0,1.4982059110918162,1.6089907144553812,0.2
1,0,0.3748069653443032,-0.3289538896917926,0.19
1,0,1.3109727534672306,-1.5401692672837766,0.19
1,0,0.18757380771971768,-0.0867108141733956,0.19
1,0,-1.123058295652381,0.39777533686339733,0.19
1,0,1.1237395958426453,0.6400184123817944,0.19
1,0,0.000340650095132172,0.39777533686339733,0.19
1,0,1.6854390687164018,-1.2979261917653795,0.19
1,0,0.3748069653443032,-0.3289538896917926,0.19
1,0,0.18757380771971768,-0.3289538896917926,0.19
1,0,0.000340650095132172,1.3667476389369844,0.19
1,0,-0.9358251380277953,-0.0867108141733956,0.19
1,0,0.9365064382180597,1.3667476389369844,0.19
1,0,-0.18689250752945333,-0.3289538896917926,0.18
1,0,0.3748069653443032,0.15553226134500034,0.18
1,0,-0.18689250752945333,-0.0867108141733956,0.18
1,0,0.9365064382180597,-1.7824123428021736,0.18
1,0,-0.5613588227786244,-0.0867108141733956,0.18
1,0,1.4982059110918162,1.3667476389369844,0.17
1,0,-0.37412566515403883,-0.8134400407285867,0.17
1,0,-0.7485919804032098,-0.5711969652101896,0.17
1,0,0.09395722890742493,-1.0556831162469835,0.17
1,0,0.3748069653443032,-0.3289538896917926,0.17
1,0,-0.5613588227786244,1.3667476389369844,0.17
1,0,-0.37412566515403883,-0.5711969652101896,0.17
1,0,0.000340650095132172,0.8822614879001913,0.17
1,0,-1.4975246109015519,-2.266898493838968,0.17
1,0,-2.152840662587601,1.3667476389369844,0.17
1,0,1.6854390687164018,-0.0867108141733956,0.17
1,0,-0.6549754015909172,-0.0867108141733956,0.16
1,0,0.5620401229688887,0.15553226134500034,0.16
1,0,0.5620401229688887,0.39777533686339733,0.16
1,0,-0.9358251380277953,-1.2979261917653795,0.16
1,0,1.1237395958426453,-0.0867108141733956,0.16
1,0,0.9365064382180597,0.39777533686339733,0.15
1,0,0.3748069653443032,1.1245045634185884,0.15
1,0,0.5620401229688887,1.1245045634185884,0.15
1,0,0.3748069653443032,-0.3289538896917926,0.14
1,0,1.1237395958426453,0.8822614879001913,0.14
1,0,-0.37412566515403883,1.1245045634185884,0.14
1,0,0.9365064382180597,1.8512337899737783,0.14
1,0,0.7492732805934742,1.3667476389369844,0.14
1,0,1.1237395958426453,0.8822614879001913,0.14
1,0,1.3109727534672306,0.6400184123817944,0.14
1,0,1.3109727534672306,0.6400184123817944,0.13
1,0,-0.18689250752945333,-0.8134400407285867,0.13
1,0,0.000340650095132172,0.15553226134500034,0.13
1,0,0.5620401229688887,-0.0867108141733956,0.13
1,0,-0.37412566515403883,-0.3289538896917926,0.13
1,0,-0.5613588227786244,-1.0556831162469835,0.13
1,0,-0.9358251380277953,1.3667476389369844,0.13
1,0,1.1237395958426453,0.15553226134500034,0.12
1,0,0.7492732805934742,1.6089907144553812,0.12
1,0,0.7492732805934742,-0.3289538896917926,0.12
1,0,0.000340650095132172,0.6400184123817944,0.12
1,0,-0.37412566515403883,0.15553226134500034,0.12
1,0,-0.18689250752945333,1.1245045634185884,0.12
1,0,-0.37412566515403883,-0.3289538896917926,0.12
1,0,1.6854390687164018,-0.0867108141733956,0.12
1,0,0.7492732805934742,-2.0246554183205707,0.12
1,0,0.5620401229688887,-0.3289538896917926,0.11
1,0,0.000340650095132172,-0.0867108141733956,0.11
1,0,0.3748069653443032,-0.5711969652101896,0.11
1,0,-0.7485919804032098,0.6400184123817944,0.1
1,0,-3.500919397484617,-1.2979261917653795,0.1
1,0,0.3748069653443032,0.6400184123817944,0.1
1,0,-1.4039080320892592,-2.5091415693573635,0.1
1,0,0.18757380771971768,-0.5711969652101896,0.1
1,0,0.000340650095132172,0.39777533686339733,0.09
1,0,0.5620401229688887,1.3667476389369844,0.09
1,0,1.4982059110918162,0.39777533686339733,0.09
1,0,-0.37412566515403883,1.3667476389369844,0.09
1,0,-1.2166748744646736,-0.3289538896917926,0.09
1,0,0.18757380771971768,-0.3289538896917926,0.08
1,0,-1.123058295652381,1.8512337899737783,0.08
1,0,1.3109727534672306,1.1245045634185884,0.08
1,1,-2.0592240837753084,-0.8134400407285867,0.08
1,0,0.5620401229688887,2.0934768654921743,0.07
1,0,-0.18689250752945333,0.15553226134500034,0.07
1,0,1.0301230170303526,1.1245045634185884,0.07
1,0,0.5620401229688887,-0.3289538896917926,0.07
1,0,-1.4975246109015519,-1.5401692672837766,0.06
1,0,0.3748069653443032,1.1245045634185884,0.06
1,0,-0.46774224396633163,0.8822614879001913,0.06
1,0,1.1237395958426453,0.8822614879001913,0.06
1,0,0.000340650095132172,0.39777533686339733,0.06
1,0,0.7492732805934742,0.15553226134500034,0.06
1,0,1.1237395958426453,1.1245045634185884,0.06
1,1,-3.369856187147407,-1.7824123428021736,0.05
1,0,-0.7485919804032098,-1.0556831162469835,0.05
1,0,1.1237395958426453,0.6400184123817944,0.05
1,0,-0.7485919804032098,0.15553226134500034,0.05
1,0,-0.46774224396633163,0.15553226134500034,0.05
1,0,-1.3102914532769665,0.6400184123817944,0.04
1,0,-1.123058295652381,0.15553226134500034,0.04
1,0,-1.0294417168400882,-0.0867108141733956,0.04
1,0,1.8726722263409872,-0.8134400407285867,0.04
1,0,-0.18689250752945333,1.1245045634185884,0.04
1,1,-2.246457241399894,-1.5401692672837766,0.04
1,0,-0.37412566515403883,0.15553226134500034,0.04
1,0,-0.7485919804032098,-0.8134400407285867,0.04
1,0,0.5620401229688887,1.6089907144553812,0.04
1,0,0.7492732805934742,1.3667476389369844,0.04
1,0,1.6854390687164018,1.3667476389369844,0.03
1,0,1.8726722263409872,0.15553226134500034,0.03
1,0,-0.09327592871716059,-0.8134400407285867,0.02
1,0,-0.7485919804032098,-1.0556831162469835,0.02
1,0,-1.3102914532769665,-0.0867108141733956,0.02
1,0,0.000340650095132172,-0.8134400407285867,0.02
1,0,0.18757380771971768,0.39777533686339733,0.02
1,0,2.0599053839655728,1.6089907144553812,0.02
1,0,0.3748069653443032,0.8822614879001913,0.01
1,0,-0.37412566515403883,-1.0556831162469835,0.01
1,0,-0.7485919804032098,-1.5401692672837766,0.01
1,0,0.000340650095132172,1.1245045634185884,0.01
1,0,0.3748069653443032,0.39777533686339733,0.01
1,0,-0.46774224396633163,-0.5711969652101896,0.01
1,0,1.3109727534672306,1.1245045634185884,0.0
1,0,0.5620401229688887,1.6089907144553812,0.0
1,0,-0.8422085592155026,-0.3289538896917926,0.0
1,0,-1.7783743473384301,-1.2979261917653795,0.0
1,0,-0.8422085592155026,0.6400184123817944,-0.01
1,0,0.3748069653443032,-0.0867108141733956,-0.01
1,0,-0.18689250752945333,0.39777533686339733,-0.01
1,0,-1.4975246109015519,-0.3289538896917926,-0.01
1,0,-0.7485919804032098,0.8822614879001913,-0.01
1,0,0.18757380771971768,-0.8134400407285867,-0.01
1,0,0.09395722890742493,-0.3289538896917926,-0.01
1,0,-0.18689250752945333,0.6400184123817944,-0.01
1,0,0.18757380771971768,-0.0867108141733956,-0.01
1,0,0.000340650095132172,-1.7824123428021736,-0.01
1,0,-0.18689250752945333,0.6400184123817944,-0.01
1,0,0.18757380771971768,-0.0867108141733956,-0.01
1,0,0.9365064382180597,1.3667476389369844,-0.01
1,0,0.3748069653443032,-1.0556831162469835,-0.01
1,0,-1.2166748744646736,1.1245045634185884,-0.01
1,0,0.5620401229688887,0.8822614879001913,-0.01
1,0,0.7492732805934742,1.1245045634185884,-0.02
1,0,0.3748069653443032,0.8822614879001913,-0.02
1,0,-0.18689250752945333,1.1245045634185884,-0.02
1,0,0.18757380771971768,0.15553226134500034,-0.02
1,1,0.3748069653443032,-0.3289538896917926,-0.02
1,0,0.000340650095132172,-0.8134400407285867,-0.03
1,0,-0.37412566515403883,0.15553226134500034,-0.03
1,0,-0.37412566515403883,-0.5711969652101896,-0.03
1,0,0.18757380771971768,-1.2979261917653795,-0.03
1,0,-0.7485919804032098,0.8822614879001913,-0.03
1,0,-0.09327592871716059,-0.8134400407285867,-0.03
1,0,-1.7783743473384301,-1.5401692672837766,-0.03
1,0,0.09395722890742493,0.15553226134500034,-0.03
1,1,-1.6847577685261375,-2.0246554183205707,-0.04
1,0,0.18757380771971768,-0.0867108141733956,-0.04
1,0,0.000340650095132172,-2.266898493838968,-0.04
1,0,0.9365064382180597,-0.0867108141733956,-0.04
1,0,0.18757380771971768,-0.8134400407285867,-0.04
1,0,-0.5613588227786244,0.39777533686339733,-0.05
1,0,-0.5613588227786244,0.6400184123817944,-0.05
1,1,-2.8081567142736503,-1.0556831162469835,-0.05
1,0,0.5620401229688887,1.1245045634185884,-0.05
1,0,-0.37412566515403883,-0.5711969652101896,-0.05
1,0,-0.7485919804032098,0.6400184123817944,-0.05
1,0,1.6854390687164018,0.39777533686339733,-0.06
1,0,-0.7485919804032098,-0.8134400407285867,-0.06
1,0,-0.37412566515403883,-0.0867108141733956,-0.06
1,0,-0.7485919804032098,0.39777533686339733,-0.07
1,0,1.3109727534672306,-1.0556831162469835,-0.07
1,0,0.18757380771971768,1.1245045634185884,-0.07
1,0,0.5620401229688887,1.6089907144553812,-0.07
1,0,0.5620401229688887,-0.8134400407285867,-0.07
1,0,-0.37412566515403883,-0.5711969652101896,-0.07
1,0,0.7492732805934742,0.39777533686339733,-0.07
1,0,-0.37412566515403883,-0.3289538896917926,-0.08
1,0,0.000340650095132172,1.1245045634185884,-0.08
1,0,0.5620401229688887,0.8822614879001913,-0.09
1,0,0.000340650095132172,-0.3289538896917926,-0.09
1,1,-1.6847577685261375,-1.5401692672837766,-0.09
1,0,-0.37412566515403883,0.8822614879001913,-0.09
1,0,0.3748069653443032,-1.7824123428021736,-0.1
1,0,-0.37412566515403883,1.3667476389369844,-0.1
1,0,0.7492732805934742,0.6400184123817944,-0.1
1,0,0.5620401229688887,0.39777533686339733,-0.1
1,0,-0.18689250752945333,-2.266898493838968,-0.1
1,0,-1.4975246109015519,0.8822614879001913,-0.1
1,0,0.3748069653443032,-2.0246554183205707,-0.1
1,0,-1.3102914532769665,-0.3289538896917926,-0.1
1,0,0.9365064382180597,0.15553226134500034,-0.1
1,0,-2.620923556649065,0.15553226134500034,-0.1
1,0,-0.9358251380277953,0.39777533686339733,-0.1
1,0,-1.123058295652381,-0.0867108141733956,-0.1
1,0,0.000340650095132172,0.15553226134500034,-0.1
1,0,-0.7485919804032098,-0.5711969652101896,-0.1
1,1,0.3748069653443032,0.6400184123817944,-0.1
1,0,0.9365064382180597,0.39777533686339733,-0.11
1,0,0.5620401229688887,-0.8134400407285867,-0.11
1,0,0.18757380771971768,0.6400184123817944,-0.11
1,0,-0.18689250752945333,-1.2979261917653795,-0.11
1,0,-0.9358251380277953,-0.3289538896917926,-0.11
1,0,0.3748069653443032,0.39777533686339733,-0.11
1,0,0.7492732805934742,-0.5711969652101896,-0.11
1,0,0.18757380771971768,-0.5711969652101896,-0.11
1,0,0.000340650095132172,0.15553226134500034,-0.11
1,0,-0.5613588227786244,-0.5711969652101896,-0.12
1,0,0.5620401229688887,-1.2979261917653795,-0.12
1,0,-1.2166748744646736,-0.0867108141733956,-0.12
1,0,1.3109727534672306,0.39777533686339733,-0.12
1,0,-0.18689250752945333,0.15553226134500034,-0.12
1,0,0.5620401229688887,-0.3289538896917926,-0.12
1,0,-0.5613588227786244,-1.2979261917653795,-0.12
1,0,0.3748069653443032,-0.5711969652101896,-0.12
1,0,-0.18689250752945333,1.1245045634185884,-0.13
1,0,0.18757380771971768,0.15553226134500034,-0.13
1,0,0.3748069653443032,-0.5711969652101896,-0.13
1,0,-0.37412566515403883,0.39777533686339733,-0.13
1,0,-0.7485919804032098,-1.0556831162469835,-0.13
1,0,1.8726722263409872,-1.0556831162469835,-0.14
1,1,-2.4336903990244796,-1.5401692672837766,-0.14
1,0,0.3748069653443032,-1.2979261917653795,-0.14
1,1,-2.0592240837753084,-0.8134400407285867,-0.14
1,0,-1.4975246109015519,1.6089907144553812,-0.14
1,0,0.000340650095132172,-2.266898493838968,-0.14
1,0,1.4982059110918162,-0.0867108141733956,-0.15
1,0,-1.7409277158135132,-1.5401692672837766,-0.15
1,1,-1.3102914532769665,-0.8134400407285867,-0.15
1,0,-0.7485919804032098,0.15553226134500034,-0.15
1,1,-1.6847577685261375,-2.266898493838968,-0.16
1,0,-1.3102914532769665,-0.8134400407285867,-0.16
1,0,0.5620401229688887,1.1245045634185884,-0.16
1,0,1.3109727534672306,-0.0867108141733956,-0.16
1,0,0.5620401229688887,-0.3289538896917926,-0.16
1,0,0.3748069653443032,-0.5711969652101896,-0.17
1,0,-0.09327592871716059,1.3667476389369844,-0.17
1,0,0.5620401229688887,0.15553226134500034,-0.17
1,0,-0.37412566515403883,-0.0867108141733956,-0.17
1,0,0.000340650095132172,0.39777533686339733,-0.17
1,0,-1.8719909261507228,0.6400184123817944,-0.17
1,0,0.000340650095132172,-0.3289538896917926,-0.17
1,0,0.3748069653443032,-0.8134400407285867,-0.17
1,0,0.18757380771971768,0.39777533686339733,-0.18
1,0,0.5620401229688887,-0.8134400407285867,-0.18
1,0,0.5620401229688887,-0.8134400407285867,-0.18
1,0,1.4982059110918162,1.1245045634185884,-0.18
1,0,-0.5613588227786244,1.3667476389369844,-0.18
1,0,0.3748069653443032,-1.0556831162469835,-0.19
1,0,0.9365064382180597,0.8822614879001913,-0.19
1,0,0.7492732805934742,-0.0867108141733956,-0.19
1,0,0.000340650095132172,0.15553226134500034,-0.19
1,0,-1.4975246109015519,0.39777533686339733,-0.19
1,0,-0.7485919804032098,0.15553226134500034,-0.19
1,0,0.5620401229688887,-1.5401692672837766,-0.19
1,0,-1.9656075049630157,-0.3289538896917926,-0.19
1,0,0.000340650095132172,1.3667476389369844,-0.19
1,0,0.7492732805934742,-1.2979261917653795,-0.19
1,0,0.3748069653443032,0.15553226134500034,-0.2
1,0,-1.3102914532769665,-0.8134400407285867,-0.2
1,0,0.09395722890742493,-0.3289538896917926,-0.2
1,0,-3.1826230295228215,-0.0867108141733956,-0.2
1,0,0.28119038653201045,-0.3289538896917926,-0.2
1,1,-0.5613588227786244,-0.8134400407285867,-0.2
1,0,0.18757380771971768,-1.0556831162469835,-0.2
1,1,-0.37412566515403883,-1.2979261917653795,-0.21
1,0,0.3748069653443032,-0.3289538896917926,-0.21
1,0,-1.3102914532769665,0.6400184123817944,-0.21
1,0,0.9365064382180597,0.8822614879001913,-0.21
1,0,-0.5051888754912492,-1.0556831162469835,-0.21
1,1,0.3748069653443032,-1.2979261917653795,-0.22
1,0,1.1237395958426453,1.3667476389369844,-0.22
1,0,0.7492732805934742,1.3667476389369844,-0.22
1,1,-1.7783743473384301,-1.0556831162469835,-0.22
1,0,-1.4975246109015519,0.15553226134500034,-0.22
1,1,-2.246457241399894,-1.2979261917653795,-0.22
1,0,-0.5613588227786244,1.6089907144553812,-0.23
1,1,-2.246457241399894,1.1245045634185884,-0.23
1,0,-0.6549754015909172,0.15553226134500034,-0.23
1,0,0.9365064382180597,-1.5401692672837766,-0.23
1,0,-0.18689250752945333,1.6089907144553812,-0.24
1,1,-0.5613588227786244,-0.3289538896917926,-0.24
1,0,0.9365064382180597,0.15553226134500034,-0.24
1,0,0.000340650095132172,-0.5711969652101896,-0.24
1,1,-1.123058295652381,-0.3289538896917926,-0.24
1,0,0.000340650095132172,1.1245045634185884,-0.24
1,0,0.5620401229688887,0.15553226134500034,-0.24
1,0,2.0599053839655728,-1.0556831162469835,-0.25
1,0,2.0599053839655728,1.6089907144553812,-0.25
1,0,-0.5613588227786244,0.8822614879001913,-0.25
1,0,0.9365064382180597,-2.0246554183205707,-0.25
1,0,1.3109727534672306,1.6089907144553812,-0.25
1,0,1.4982059110918162,0.8822614879001913,-0.25
1,0,1.1237395958426453,1.1245045634185884,-0.25
1,0,1.1237395958426453,1.3667476389369844,-0.26
1,0,0.3748069653443032,-0.0867108141733956,-0.26
1,0,0.18757380771971768,-0.5711969652101896,-0.26
1,0,-2.246457241399894,0.6400184123817944,-0.26
1,0,0.9365064382180597,-0.8134400407285867,-0.26
1,0,-0.37412566515403883,-0.3289538896917926,-0.26
1,0,1.1237395958426453,-1.0556831162469835,-0.26
1,0,0.28119038653201045,1.1245045634185884,-0.26
1,0,-1.0294417168400882,0.39777533686339733,-0.26
1,0,-2.9017732930859435,-0.0867108141733956,-0.27
1,0,-0.37412566515403883,1.1245045634185884,-0.27
1,0,0.7492732805934742,-2.0246554183205707,-0.27
1,0,0.18757380771971768,-0.3289538896917926,-0.27
1,0,0.000340650095132172,-0.0867108141733956,-0.27
1,0,1.1237395958426453,-0.0867108141733956,-0.27
1,0,0.000340650095132172,1.8512337899737783,-0.27
1,0,1.3109727534672306,-0.0867108141733956,-0.28
1,0,0.9365064382180597,-1.2979261917653795,-0.28
1,0,1.8726722263409872,1.1245045634185884,-0.28
1,0,-1.123058295652381,0.39777533686339733,-0.28
1,0,-1.9281608734380986,0.6400184123817944,-0.28
1,0,-0.37412566515403883,0.39777533686339733,-0.28
1,0,0.3748069653443032,-1.2979261917653795,-0.28
1,0,-0.37412566515403883,1.6089907144553812,-0.28
1,0,0.9365064382180597,-0.3289538896917926,-0.29
1,0,0.000340650095132172,0.15553226134500034,-0.29
1,0,-0.37412566515403883,0.8822614879001913,-0.29
1,0,0.5620401229688887,0.39777533686339733,-0.29
1,0,-0.2805090863417461,0.6400184123817944,-0.29
1,0,0.7492732805934742,0.8822614879001913,-0.29
1,0,0.000340650095132172,-0.5711969652101896,-0.29
1,0,0.7492732805934742,1.1245045634185884,-0.29
1,0,0.5620401229688887,-0.0867108141733956,-0.29
1,0,0.18757380771971768,-0.0867108141733956,-0.3
1,0,0.5620401229688887,0.6400184123817944,-0.3
1,0,0.5620401229688887,-0.5711969652101896,-0.31
1,0,0.3748069653443032,-0.3289538896917926,-0.31
1,0,-2.4336903990244796,-0.8134400407285867,-0.31
1,0,0.3748069653443032,0.15553226134500034,-0.32
1,0,-0.7485919804032098,-0.8134400407285867,-0.32
1,0,0.18757380771971768,0.15553226134500034,-0.32
1,0,-0.18689250752945333,1.3667476389369844,-0.32
1,0,-0.37412566515403883,-1.0556831162469835,-0.32
1,0,-1.7783743473384301,-0.8134400407285867,-0.33
1,0,-0.8422085592155026,-0.0867108141733956,-0.33
1,0,0.3748069653443032,-0.0867108141733956,-0.33
1,0,0.000340650095132172,1.3667476389369844,-0.33
1,0,1.3109727534672306,0.39777533686339733,-0.33
1,0,0.000340650095132172,-1.0556831162469835,-0.33
1,0,-0.37412566515403883,0.8822614879001913,-0.33
1,0,-0.37412566515403883,1.1245045634185884,-0.33
1,0,1.1237395958426453,1.3667476389369844,-0.33
1,0,0.000340650095132172,-1.0556831162469835,-0.34
1,0,-0.6549754015909172,-0.5711969652101896,-0.34
1,0,-1.3102914532769665,-0.8134400407285867,-0.34
1,0,1.3109727534672306,0.6400184123817944,-0.35
1,0,0.9365064382180597,1.8512337899737783,-0.35
1,0,0.000340650095132172,-0.3289538896917926,-0.35
1,0,0.5620401229688887,1.1245045634185884,-0.36
1,0,-0.37412566515403883,-0.0867108141733956,-0.36
1,0,-0.7485919804032098,0.15553226134500034,-0.36
1,0,1.3109727534672306,-0.0867108141733956,-0.36
1,0,-0.9358251380277953,0.39777533686339733,-0.36
1,0,0.000340650095132172,-0.3289538896917926,-0.37
1,0,-0.9358251380277953,0.39777533686339733,-0.37
1,0,-1.8719909261507228,-0.0867108141733956,-0.37
1,0,-0.5613588227786244,-0.8134400407285867,-0.37
1,0,-0.37412566515403883,-1.2979261917653795,-0.38
1,0,-0.7485919804032098,1.1245045634185884,-0.38
1,0,1.3109727534672306,0.39777533686339733,-0.38
1,0,1.3109727534672306,0.39777533686339733,-0.38
1,0,-0.18689250752945333,0.15553226134500034,-0.38
1,1,0.9365064382180597,-1.2979261917653795,-0.38
1,0,-0.7485919804032098,-0.8134400407285867,-0.38
1,0,0.18757380771971768,0.15553226134500034,-0.39
1,0,1.4982059110918162,-0.8134400407285867,-0.39
1,0,-0.37412566515403883,-0.3289538896917926,-0.39
1,0,-0.37412566515403883,-0.5711969652101896,-0.39
1,0,0.000340650095132172,0.39777533686339733,-0.39
1,0,0.5620401229688887,1.1245045634185884,-0.39
1,0,0.000340650095132172,1.1245045634185884,-0.39
1,0,0.3748069653443032,0.6400184123817944,-0.39
1,0,-0.18689250752945333,0.15553226134500034,-0.39
1,0,0.7492732805934742,0.39777533686339733,-0.39
1,0,1.1237395958426453,-1.2979261917653795,-0.39
1,0,-2.152840662587601,-1.7824123428021736,-0.4
1,0,0.3748069653443032,0.8822614879001913,-0.4
1,0,0.18757380771971768,-1.0556831162469835,-0.4
1,0,-1.123058295652381,0.15553226134500034,-0.4
1,0,-0.5613588227786244,-1.7824123428021736,-0.4
1,0,0.000340650095132172,-0.3289538896917926,-0.4
1,0,0.18757380771971768,1.3667476389369844,-0.41
1,0,1.3109727534672306,-0.8134400407285867,-0.41
1,0,1.8726722263409872,-0.3289538896917926,-0.41
1,0,-0.9358251380277953,-2.0246554183205707,-0.41
1,0,-2.4336903990244796,-0.0867108141733956,-0.41
1,0,0.5620401229688887,1.3667476389369844,-0.41
1,0,-0.18689250752945333,-0.0867108141733956,-0.42
1,1,-0.9358251380277953,-0.8134400407285867,-0.42
1,0,0.000340650095132172,0.6400184123817944,-0.42
1,0,-0.7485919804032098,1.6089907144553812,-0.42
1,0,-1.123058295652381,-0.0867108141733956,-0.42
1,0,1.3109727534672306,-0.5711969652101896,-0.42
1,0,-0.5613588227786244,0.8822614879001913,-0.42
1,0,0.9365064382180597,-0.5711969652101896,-0.42
1,0,-0.9358251380277953,1.1245045634185884,-0.43
1,0,-0.18689250752945333,-0.8134400407285867,-0.43
1,0,0.3748069653443032,-1.2979261917653795,-0.43
1,0,-1.0294417168400882,0.15553226134500034,-0.43
1,0,-0.7485919804032098,0.39777533686339733,-0.43
1,0,0.3748069653443032,0.6400184123817944,-0.44
1,0,-1.4975246109015519,0.15553226134500034,-0.44
1,0,-0.18689250752945333,0.15553226134500034,-0.44
1,0,-0.7485919804032098,1.1245045634185884,-0.44
1,0,0.18757380771971768,0.8822614879001913,-0.44
1,1,-0.9358251380277953,-0.0867108141733956,-0.44
1,0,0.9365064382180597,0.15553226134500034,-0.44
1,0,-0.6549754015909172,-0.5711969652101896,-0.45
1,1,-1.3102914532769665,-2.0246554183205707,-0.45
1,0,0.18757380771971768,-0.5711969652101896,-0.45
1,0,1.3109727534672306,-1.2979261917653795,-0.45
1,0,-1.2541215059895907,-1.0556831162469835,-0.45
1,0,-0.18689250752945333,-0.0867108141733956,-0.46
1,0,-0.46774224396633163,-0.3289538896917926,-0.46
1,0,0.3748069653443032,1.3667476389369844,-0.46
1,0,1.3109727534672306,0.8822614879001913,-0.46
1,0,-0.18689250752945333,0.15553226134500034,-0.46
1,0,-0.18689250752945333,-2.266898493838968,-0.47
1,1,-0.18689250752945333,1.8512337899737783,-0.47
1,0,-0.5613588227786244,-1.0556831162469835,-0.47
1,0,-0.37412566515403883,0.39777533686339733,-0.47
1,0,0.5620401229688887,0.15553226134500034,-0.47
1,0,-1.5911411897138448,-0.0867108141733956,-0.47
1,0,1.3109727534672306,-2.0246554183205707,-0.48
1,1,-1.8719909261507228,-1.2979261917653795,-0.48
1,0,-0.7485919804032098,0.6400184123817944,-0.48
1,0,0.9365064382180597,-0.3289538896917926,-0.48
1,1,-1.123058295652381,-2.5091415693573635,-0.48
1,0,-0.2805090863417461,-0.5711969652101896,-0.48
1,0,-0.7485919804032098,1.6089907144553812,-0.48
1,0,-0.37412566515403883,0.39777533686339733,-0.49
1,0,0.18757380771971768,-2.266898493838968,-0.49
1,0,0.3748069653443032,-1.0556831162469835,-0.49
1,0,0.3748069653443032,-0.0867108141733956,-0.49
1,0,-0.37412566515403883,-0.3289538896917926,-0.49
1,0,-0.9358251380277953,0.39777533686339733,-0.49
1,0,1.8726722263409872,0.6400184123817944,-0.49
1,1,-1.6847577685261375,-1.2979261917653795,-0.5
1,0,-0.18689250752945333,-0.8134400407285867,-0.5
1,0,1.3109727534672306,0.39777533686339733,-0.5
1,0,0.000340650095132172,-2.0246554183205707,-0.5
1,0,0.9365064382180597,1.8512337899737783,-0.5
1,0,-0.18689250752945333,0.15553226134500034,-0.51
1,0,0.18757380771971768,-0.5711969652101896,-0.51
1,0,-0.37412566515403883,-0.8134400407285867,-0.51
1,0,0.3748069653443032,1.8512337899737783,-0.51
1,0,0.9365064382180597,-1.5401692672837766,-0.51
1,0,0.000340650095132172,1.3667476389369844,-0.52
1,1,-1.123058295652381,1.1245045634185884,-0.52
1,0,0.5620401229688887,0.39777533686339733,-0.52
1,1,0.000340650095132172,0.39777533686339733,-0.52
1,0,-0.9358251380277953,-1.7824123428021736,-0.52
1,0,0.3748069653443032,1.1245045634185884,-0.53
1,0,-0.43029561244141395,-1.2979261917653795,-0.53
1,0,-0.5613588227786244,0.15553226134500034,-0.53
1,0,-1.123058295652381,-1.7824123428021736,-0.53
1,0,1.4982059110918162,1.3667476389369844,-0.54
1,0,-0.5613588227786244,-0.0867108141733956,-0.54
1,0,-1.4039080320892592,-1.2979261917653795,-0.54
1,0,-0.18689250752945333,-0.0867108141733956,-0.54
1,0,-0.18689250752945333,-1.0556831162469835,-0.54
1,0,-0.5613588227786244,0.15553226134500034,-0.54
1,0,-1.123058295652381,-0.5711969652101896,-0.54
1,0,1.1237395958426453,-0.5711969652101896,-0.55
1,0,-0.37412566515403883,1.6089907144553812,-0.55
1,0,-0.5051888754912492,-1.0556831162469835,-0.55
1,0,0.3748069653443032,-0.3289538896917926,-0.55
1,0,0.7492732805934742,1.6089907144553812,-0.55
1,0,-0.5613588227786244,-0.8134400407285867,-0.55
1,0,2.0599053839655728,-1.5401692672837766,-0.55
1,0,-0.18689250752945333,-1.5401692672837766,-0.55
1,0,-0.8422085592155026,0.15553226134500034,-0.56
1,0,-0.7485919804032098,-1.2979261917653795,-0.56
1,0,0.5620401229688887,-0.0867108141733956,-0.56
1,0,-0.9358251380277953,0.6400184123817944,-0.56
1,0,0.18757380771971768,-1.2979261917653795,-0.56
1,0,0.3748069653443032,-0.5711969652101896,-0.56
1,0,-0.18689250752945333,0.6400184123817944,-0.57
1,0,-0.37412566515403883,0.8822614879001913,-0.57
1,0,-1.2166748744646736,0.6400184123817944,-0.57
1,0,0.7492732805934742,0.8822614879001913,-0.57
1,0,-0.8422085592155026,0.6400184123817944,-0.58
1,0,0.3748069653443032,-0.0867108141733956,-0.58
1,0,-0.37412566515403883,-1.0556831162469835,-0.58
1,0,-1.1792282429397567,-0.8134400407285867,-0.58
1,1,-3.5570893447719927,-0.0867108141733956,-0.58
1,0,0.18757380771971768,-1.0556831162469835,-0.58
1,0,-0.37412566515403883,-1.0556831162469835,-0.58
1,0,-0.37412566515403883,-1.0556831162469835,-0.59
1,0,-0.5613588227786244,-0.5711969652101896,-0.59
1,0,0.3748069653443032,0.15553226134500034,-0.59
1,0,-0.7485919804032098,-0.5711969652101896,-0.59
1,0,-0.18689250752945333,-0.3289538896917926,-0.59
1,0,-0.9358251380277953,-1.5401692672837766,-0.59
1,0,0.5620401229688887,-1.0556831162469835,-0.59
1,0,-0.5613588227786244,-0.8134400407285867,-0.59
1,0,0.18757380771971768,0.6400184123817944,-0.6
1,0,1.1237395958426453,0.39777533686339733,-0.6
1,0,-1.123058295652381,-0.0867108141733956,-0.6
1,1,-1.4975246109015519,-2.7513846448757606,-0.6
1,0,-1.123058295652381,-0.0867108141733956,-0.6
1,0,0.7492732805934742,1.1245045634185884,-0.61
1,0,-0.5613588227786244,0.15553226134500034,-0.61
1,0,0.5620401229688887,0.6400184123817944,-0.61
1,0,0.000340650095132172,1.1245045634185884,-0.61
1,0,-0.18689250752945333,-0.3289538896917926,-0.61
1,0,-0.18689250752945333,-0.3289538896917926,-0.61
1,0,-0.37412566515403883,1.3667476389369844,-0.61
1,0,-0.5613588227786244,-0.0867108141733956,-0.62
1,0,-0.9358251380277953,-0.8134400407285867,-0.62
1,0,0.9365064382180597,-0.5711969652101896,-0.62
1,0,-0.5613588227786244,-0.0867108141733956,-0.62
1,0,-0.5613588227786244,0.8822614879001913,-0.63
1,0,-0.7485919804032098,-0.5711969652101896,-0.63
1,0,0.000340650095132172,-0.8134400407285867,-0.64
1,0,1.6854390687164018,0.39777533686339733,-0.64
1,1,-0.7485919804032098,-0.8134400407285867,-0.64
1,0,0.18757380771971768,0.8822614879001913,-0.64
1,0,-1.123058295652381,-0.8134400407285867,-0.64
1,0,0.7492732805934742,-1.5401692672837766,-0.64
1,0,-0.18689250752945333,0.39777533686339733,-0.65
1,0,-0.7485919804032098,-0.0867108141733956,-0.65
1,0,-2.246457241399894,-1.5401692672837766,-0.65
1,0,-0.37412566515403883,-0.0867108141733956,-0.66
1,0,0.5620401229688887,0.39777533686339733,-0.66
1,0,-1.4975246109015519,-1.0556831162469835,-0.66
1,0,0.000340650095132172,-0.8134400407285867,-0.66
1,0,0.7492732805934742,1.1245045634185884,-0.66
1,0,-0.7485919804032098,-1.5401692672837766,-0.66
1,0,-1.123058295652381,-2.7513846448757606,-0.66
1,0,-0.09327592871716059,-1.0556831162469835,-0.66
1,0,-1.9656075049630157,-1.0556831162469835,-0.67
1,0,0.7492732805934742,0.15553226134500034,-0.67
1,0,0.7492732805934742,0.8822614879001913,-0.67
1,0,-0.18689250752945333,-0.3289538896917926,-0.67
1,0,-0.18689250752945333,0.6400184123817944,-0.67
1,0,0.3748069653443032,1.1245045634185884,-0.67
1,0,-2.0592240837753084,0.6400184123817944,-0.68
1,0,-0.37412566515403883,-0.3289538896917926,-0.68
1,0,-0.37412566515403883,-0.3289538896917926,-0.68
1,0,-1.2166748744646736,-0.3289538896917926,-0.69
1,0,-0.37412566515403883,-0.0867108141733956,-0.69
1,0,1.4982059110918162,0.39777533686339733,-0.69
1,1,-2.864326661561026,0.8822614879001913,-0.69
1,0,-0.7485919804032098,-0.3289538896917926,-0.7
1,0,-0.37412566515403883,-0.3289538896917926,-0.7
1,0,0.7492732805934742,0.39777533686339733,-0.7
1,1,-2.8081567142736503,0.15553226134500034,-0.71
1,0,0.7492732805934742,-0.3289538896917926,-0.72
1,0,-1.8719909261507228,-1.2979261917653795,-0.72
1,0,0.5620401229688887,-1.0556831162469835,-0.72
1,0,1.8726722263409872,-1.2979261917653795,-0.72
1,0,0.18757380771971768,0.15553226134500034,-0.73
1,0,0.9365064382180597,-1.5401692672837766,-0.73
1,0,0.000340650095132172,-0.3289538896917926,-0.73
1,0,-0.5613588227786244,-0.8134400407285867,-0.73
1,0,-1.0294417168400882,0.8822614879001913,-0.73
1,0,0.18757380771971768,0.39777533686339733,-0.74
1,0,-0.7485919804032098,-1.0556831162469835,-0.76
1,0,0.3748069653443032,1.3667476389369844,-0.77
1,0,0.3748069653443032,0.39777533686339733,-0.77
1,1,-1.4975246109015519,0.8822614879001913,-0.77
1,1,-3.1826230295228215,-0.3289538896917926,-0.77
1,0,0.18757380771971768,-0.5711969652101896,-0.77
1,0,-0.18689250752945333,0.6400184123817944,-0.78
1,0,0.5620401229688887,1.3667476389369844,-0.78
1,0,-1.3102914532769665,-0.0867108141733956,-0.78
1,0,0.9365064382180597,1.3667476389369844,-0.78
1,0,0.000340650095132172,-0.5711969652101896,-0.8
1,0,-0.7485919804032098,-1.2979261917653795,-0.8
1,0,0.3748069653443032,-0.0867108141733956,-0.8
1,0,-0.18689250752945333,-0.5711969652101896,-0.8
1,0,-0.7485919804032098,-0.3289538896917926,-0.8
1,0,-0.5613588227786244,-0.5711969652101896,-0.81
1,0,0.000340650095132172,-0.3289538896917926,-0.81
1,0,0.5620401229688887,0.15553226134500034,-0.81
1,0,0.000340650095132172,-0.8134400407285867,-0.81
1,0,0.9365064382180597,-1.0556831162469835,-0.81
1,0,0.18757380771971768,1.3667476389369844,-0.81
1,0,1.4982059110918162,-2.5091415693573635,-0.81
1,0,-1.3102914532769665,1.1245045634185884,-0.82
1,0,0.09395722890742493,-1.0556831162469835,-0.82
1,0,-1.8719909261507228,-0.0867108141733956,-0.82
1,0,0.000340650095132172,0.6400184123817944,-0.82
1,0,-0.37412566515403883,-0.5711969652101896,-0.82
1,0,-0.37412566515403883,-0.3289538896917926,-0.83
1,1,-0.9358251380277953,-1.0556831162469835,-0.83
1,0,1.1237395958426453,0.6400184123817944,-0.83
1,0,-0.18689250752945333,0.15553226134500034,-0.83
1,0,0.9365064382180597,-0.0867108141733956,-0.83
1,0,1.4982059110918162,0.6400184123817944,-0.83
1,0,-0.37412566515403883,-1.0556831162469835,-0.84
1,0,0.18757380771971768,-0.0867108141733956,-0.84
1,0,-0.37412566515403883,-0.3289538896917926,-0.84
1,0,-2.0030541364879326,-2.266898493838968,-0.84
1,0,-1.4039080320892592,-0.8134400407285867,-0.84
1,0,-0.18689250752945333,0.39777533686339733,-0.84
1,0,0.3748069653443032,-0.8134400407285867,-0.84
1,1,-0.9358251380277953,-0.0867108141733956,-0.85
1,0,1.8726722263409872,0.39777533686339733,-0.85
1,0,0.5620401229688887,0.15553226134500034,-0.85
1,0,-1.123058295652381,-0.5711969652101896,-0.85
1,0,0.18757380771971768,1.6089907144553812,-0.86
1,0,-1.3102914532769665,-0.8134400407285867,-0.86
1,0,-0.9358251380277953,-1.7824123428021736,-0.86
1,0,-0.5613588227786244,-0.5711969652101896,-0.86
1,0,-0.7485919804032098,-1.5401692672837766,-0.86
1,0,0.9365064382180597,-0.8134400407285867,-0.89
1,0,0.000340650095132172,-0.0867108141733956,-0.89
1,1,-2.246457241399894,-1.7824123428021736,-0.89
1,0,-0.9358251380277953,1.6089907144553812,-0.89
1,0,1.4982059110918162,1.3667476389369844,-0.89
1,0,1.8726722263409872,0.15553226134500034,-0.89
1,0,-0.18689250752945333,-0.8134400407285867,-0.89
1,0,0.5620401229688887,1.1245045634185884,-0.89
1,0,-0.7485919804032098,-1.0556831162469835,-0.89
1,0,-0.8422085592155026,0.15553226134500034,-0.9
1,0,-1.3102914532769665,-1.5401692672837766,-0.9
1,0,0.000340650095132172,-1.2979261917653795,-0.91
1,0,-0.9919950853151711,-1.2979261917653795,-0.91
1,0,0.3748069653443032,1.1245045634185884,-0.91
1,0,0.18757380771971768,-1.7824123428021736,-0.91
1,0,-0.37412566515403883,0.39777533686339733,-0.91
1,0,-0.7485919804032098,-1.0556831162469835,-0.91
1,0,-2.620923556649065,-0.5711969652101896,-0.92
1,0,0.5620401229688887,-2.266898493838968,-0.92
1,0,1.1237395958426453,1.1245045634185884,-0.92
1,0,-0.18689250752945333,-0.0867108141733956,-0.93
1,1,-0.7485919804032098,-0.0867108141733956,-0.93
1,1,-1.3102914532769665,-2.266898493838968,-0.93
1,0,-0.7485919804032098,1.3667476389369844,-0.93
1,0,-1.6285878212387617,-1.0556831162469835,-0.93
1,1,-1.8719909261507228,0.6400184123817944,-0.93
1,0,1.6854390687164018,1.6089907144553812,-0.94
1,0,-0.18689250752945333,-2.266898493838968,-0.95
1,0,-0.18689250752945333,-0.8134400407285867,-0.95
1,0,1.4982059110918162,0.8822614879001913,-0.95
1,0,-3.1826230295228215,-0.8134400407285867,-0.95
1,0,-0.37412566515403883,0.8822614879001913,-0.95
1,1,-1.6847577685261375,-0.3289538896917926,-0.96
1,0,0.3748069653443032,-0.3289538896917926,-0.96
1,0,-1.123058295652381,-0.0867108141733956,-0.96
1,1,-1.3102914532769665,-1.5401692672837766,-0.97
1,0,0.3748069653443032,0.8822614879001913,-0.97
1,1,-0.18689250752945333,-1.0556831162469835,-0.97
1,0,1.1237395958426453,0.15553226134500034,-0.98
1,0,-0.37412566515403883,0.6400184123817944,-0.98
1,0,0.7492732805934742,-0.5711969652101896,-0.98
1,0,-1.3102914532769665,0.39777533686339733,-0.98
1,0,-0.5613588227786244,-0.3289538896917926,-0.99
1,0,-0.6175287700659995,-1.5401692672837766,-0.99
1,0,0.000340650095132172,0.15553226134500034,-0.99
1,0,-0.5613588227786244,-1.7824123428021736,-1.0
1,0,0.3748069653443032,-1.5401692672837766,-1.0
1,0,-1.6847577685261375,0.15553226134500034,-1.02
1,0,-1.2166748744646736,-1.7824123428021736,-1.02
1,0,0.9365064382180597,-0.5711969652101896,-1.02
1,0,-0.7485919804032098,-0.8134400407285867,-1.02
1,0,-2.246457241399894,1.1245045634185884,-1.02
1,0,-0.6549754015909172,-0.0867108141733956,-1.03
1,0,-0.18689250752945333,0.39777533686339733,-1.03
1,0,-1.4975246109015519,-0.8134400407285867,-1.03
1,0,-1.123058295652381,-1.2979261917653795,-1.04
1,0,1.6854390687164018,0.15553226134500034,-1.04
1,0,-1.8719909261507228,0.6400184123817944,-1.05
1,0,0.3748069653443032,0.8822614879001913,-1.06
1,0,-1.4975246109015519,1.3667476389369844,-1.06
1,0,0.5620401229688887,0.39777533686339733,-1.06
1,0,-0.18689250752945333,-0.3289538896917926,-1.06
1,0,-0.6549754015909172,1.1245045634185884,-1.07
1,0,-1.3102914532769665,0.15553226134500034,-1.08
1,1,-1.4975246109015519,-1.7824123428021736,-1.08
1,0,0.9365064382180597,1.6089907144553812,-1.08
1,1,0.5620401229688887,-2.5091415693573635,-1.09
1,1,-2.246457241399894,0.15553226134500034,-1.1
1,1,-2.4336903990244796,-1.0556831162469835,-1.1
1,0,-0.37412566515403883,-1.0556831162469835,-1.1
1,0,-0.18689250752945333,-0.5711969652101896,-1.11
1,0,-2.246457241399894,-1.5401692672837766,-1.11
1,0,-0.37412566515403883,0.39777533686339733,-1.11
1,0,0.000340650095132172,-0.5711969652101896,-1.13
1,0,-1.815820978863347,0.6400184123817944,-1.13
1,0,0.7492732805934742,-0.5711969652101896,-1.14
1,1,-1.5911411897138448,0.15553226134500034,-1.14
1,0,0.5620401229688887,-0.3289538896917926,-1.14
1,0,-0.05582929719224295,-1.2979261917653795,-1.14
1,0,-0.2805090863417461,0.39777533686339733,-1.15
1,0,-0.37412566515403883,-0.0867108141733956,-1.15
1,0,0.7492732805934742,0.15553226134500034,-1.15
1,0,-0.7485919804032098,0.6400184123817944,-1.15
1,0,0.9365064382180597,0.6400184123817944,-1.17
1,0,-1.3102914532769665,-0.5711969652101896,-1.17
1,1,-1.4975246109015519,-1.5401692672837766,-1.18
1,1,-1.6847577685261375,-1.2979261917653795,-1.18
1,0,-1.8719909261507228,-0.8134400407285867,-1.18
1,0,-0.6549754015909172,-0.8134400407285867,-1.19
1,0,-0.37412566515403883,-0.0867108141733956,-1.19
1,0,1.3109727534672306,-0.5711969652101896,-1.19
1,0,-1.9656075049630157,1.3667476389369844,-1.19
1,0,-0.37412566515403883,-0.0867108141733956,-1.19
1,1,-0.9358251380277953,-1.5401692672837766,-1.2
1,0,-1.123058295652381,-0.0867108141733956,-1.2
1,0,0.5620401229688887,-1.7824123428021736,-1.2
1,1,-2.0592240837753084,-0.0867108141733956,-1.21
1,0,-0.18689250752945333,-0.8134400407285867,-1.21
1,0,0.7492732805934742,1.1245045634185884,-1.21
1,1,-2.4336903990244796,-0.5711969652101896,-1.22
1,0,0.5620401229688887,0.8822614879001913,-1.22
1,1,-1.3102914532769665,-0.5711969652101896,-1.24
1,1,-0.5613588227786244,0.15553226134500034,-1.24
1,0,0.3748069653443032,-0.3289538896917926,-1.24
1,1,-0.7485919804032098,-0.0867108141733956,-1.24
1,0,0.9365064382180597,0.39777533686339733,-1.26
1,0,-1.123058295652381,-2.266898493838968,-1.26
1,0,-1.4975246109015519,-0.3289538896917926,-1.27
1,0,0.5620401229688887,0.6400184123817944,-1.27
1,1,-3.6507059235842854,0.8822614879001913,-1.28
1,0,1.3109727534672306,0.15553226134500034,-1.29
1,0,-1.9656075049630157,-1.0556831162469835,-1.29
1,1,-3.1826230295228215,-0.3289538896917926,-1.29
1,0,0.9365064382180597,1.6089907144553812,-1.29
1,0,0.18757380771971768,0.6400184123817944,-1.3
1,0,-1.8719909261507228,0.6400184123817944,-1.31
1,0,-1.123058295652381,0.15553226134500034,-1.31
1,1,-0.5613588227786244,-0.0867108141733956,-1.31
1,1,-2.0592240837753084,-0.8134400407285867,-1.31
1,1,-1.6847577685261375,-1.0556831162469835,-1.31
1,0,-0.18689250752945333,-0.5711969652101896,-1.33
1,0,0.3748069653443032,0.8822614879001913,-1.33
1,1,-1.5911411897138448,-0.5711969652101896,-1.35
1,0,0.5620401229688887,1.6089907144553812,-1.35
1,1,-0.9358251380277953,0.6400184123817944,-1.36
1,0,-0.09327592871716059,-0.3289538896917926,-1.39
1,0,-0.18689250752945333,-0.8134400407285867,-1.39
1,0,-0.18689250752945333,-0.0867108141733956,-1.4
1,0,-1.3102914532769665,-0.3289538896917926,-1.4
1,0,-0.7485919804032098,0.39777533686339733,-1.4
1,0,0.7492732805934742,-2.0246554183205707,-1.41
1,0,-0.37412566515403883,-0.5711969652101896,-1.41
1,1,-2.246457241399894,-0.0867108141733956,-1.42
1,0,-0.37412566515403883,0.39777533686339733,-1.43
1,0,0.9365064382180597,0.6400184123817944,-1.43
1,1,-0.7485919804032098,1.6089907144553812,-1.43
1,0,-1.123058295652381,1.8512337899737783,-1.44
1,0,-2.246457241399894,-1.2979261917653795,-1.44
1,0,-0.18689250752945333,-1.0556831162469835,-1.44
1,1,-2.246457241399894,-0.3289538896917926,-1.44
1,1,0.3748069653443032,0.6400184123817944,-1.44
1,0,-0.18689250752945333,0.6400184123817944,-1.45
1,0,0.7492732805934742,0.8822614879001913,-1.45
1,0,0.000340650095132172,0.15553226134500034,-1.45
1,0,-0.37412566515403883,-1.5401692672837766,-1.47
1,1,-1.8719909261507228,-1.5401692672837766,-1.48
1,1,-0.5613588227786244,-0.0867108141733956,-1.48
1,1,-3.5570893447719927,0.39777533686339733,-1.49
1,0,-1.7783743473384301,0.15553226134500034,-1.49
1,1,-2.4336903990244796,0.39777533686339733,-1.49
1,0,-0.18689250752945333,-1.7824123428021736,-1.5
1,0,-0.2805090863417461,0.8822614879001913,-1.52
1,1,-2.3026271886872696,-1.5401692672837766,-1.54
1,0,-2.246457241399894,-0.5711969652101896,-1.54
1,0,-0.18689250752945333,-0.3289538896917926,-1.54
1,0,0.18757380771971768,0.39777533686339733,-1.55
1,0,0.18757380771971768,0.39777533686339733,-1.57
1,0,0.3748069653443032,-1.7824123428021736,-1.58
1,0,-0.37412566515403883,-1.2979261917653795,-1.58
1,1,-2.995389871898236,0.6400184123817944,-1.59
1,0,0.7492732805934742,0.8822614879001913,-1.59
1,0,1.6854390687164018,0.8822614879001913,-1.6
1,1,-2.0592240837753084,-1.0556831162469835,-1.62
1,0,1.6854390687164018,-0.8134400407285867,-1.62
1,0,-0.37412566515403883,-0.8134400407285867,-1.62
1,1,-1.6847577685261375,-1.0556831162469835,-1.63
1,0,0.7492732805934742,-0.8134400407285867,-1.64
1,0,-1.4039080320892592,-0.5711969652101896,-1.64
1,0,-0.7485919804032098,-0.3289538896917926,-1.65
1,0,1.1237395958426453,1.1245045634185884,-1.66
1,1,-1.8719909261507228,-2.0246554183205707,-1.66
1,1,-1.7409277158135132,-2.0246554183205707,-1.7
1,1,0.000340650095132172,-0.8134400407285867,-1.7
1,0,-0.5613588227786244,-1.2979261917653795,-1.71
1,0,0.842889859405767,0.8822614879001913,-1.73
1,0,-0.37412566515403883,-0.0867108141733956,-1.75
1,0,-2.246457241399894,0.39777533686339733,-1.76
1,0,0.5620401229688887,1.1245045634185884,-1.76
1,1,-1.8719909261507228,0.15553226134500034,-1.76
1,1,-0.5613588227786244,-1.5401692672837766,-1.78
1,1,0.18757380771971768,-1.7824123428021736,-1.81
1,1,-2.4336903990244796,-1.0556831162469835,-1.82
1,0,-1.123058295652381,1.6089907144553812,-1.83
1,1,-2.4336903990244796,-1.0556831162469835,-1.86
1,0,-0.7485919804032098,-0.3289538896917926,-1.86
1,1,-0.5613588227786244,1.1245045634185884,-1.87
1,0,0.7492732805934742,-2.266898493838968,-1.88
1,0,-0.5613588227786244,0.15553226134500034,-1.91
1,1,-0.7485919804032098,-0.3289538896917926,-1.92
1,0,0.5620401229688887,0.15553226134500034,-1.94
1,1,-1.8719909261507228,-0.8134400407285867,-1.95
1,1,-0.8422085592155026,0.15553226134500034,-1.98
1,1,-2.8081567142736503,-0.5711969652101896,-2.04
1,1,-2.0592240837753084,-2.266898493838968,-2.05
1,1,-1.8719909261507228,-1.7824123428021736,-2.08
1,1,-3.5570893447719927,-1.5401692672837766,-2.1
1,1,-0.18689250752945333,-2.0246554183205707,-2.13
1,0,0.3748069653443032,1.3667476389369844,-2.14
1,0,-1.4975246109015519,0.15553226134500034,-2.15
1,0,0.5620401229688887,-0.0867108141733956,-2.25
1,1,-0.18689250752945333,-1.7824123428021736,-2.3
1,1,-1.6847577685261375,-1.0556831162469835,-2.31
1,0,-0.804761927690585,-1.0556831162469835,-2.5
1,1,-2.246457241399894,-2.7513846448757606,-2.54
1,1,-0.5613588227786244,-0.8134400407285867,-2.61
1,1,-0.9358251380277953,0.15553226134500034,-3.04
