1,0,0.22539416624185796,-2.7200992467980893,3.04
1,1,0.40899718207589464,0.9015844547219313,2.62
1,0,0.40899718207589464,-0.788534605987412,2.6
1,0,0.7762032137439681,-1.7543169263927505,2.58
1,1,-0.6926209129283255,1.3844756149246,2.52
1,1,-1.059826944596399,-0.06419786568340728,2.48
1,0,1.1434092454120415,1.1430300348232663,2.43
1,0,0.9598062295780048,1.1430300348232663,2.4
1,0,1.510615277080115,-0.3056434457847422,2.39
1,0,0.9598062295780048,0.6601388746205964,2.37
1,0,0.22539416624185796,-0.788534605987412,2.37
1,0,1.051607737495023,-0.06419786568340728,2.35
1,0,0.22539416624185796,0.6601388746205964,2.29
1,1,0.041791150407821255,0.6601388746205964,2.29
1,0,0.041791150407821255,0.41869329451926146,2.27
1,1,0.5926001979099313,0.6601388746205964,2.25
1,1,0.22539416624185796,1.1430300348232663,2.24
1,1,1.8778213087481883,-0.06419786568340728,2.23
1,0,1.1434092454120415,1.1430300348232663,2.19
1,0,0.9598062295780048,-0.06419786568340728,2.18
1,0,0.041791150407821255,1.1430300348232663,2.17
1,1,1.3270122612460782,1.3844756149246,2.16
1,0,-0.6926209129283255,0.17724771441792656,2.13
1,0,0.9598062295780048,1.3844756149246,2.1
1,1,-0.9680254366793806,0.6601388746205964,2.1
1,1,-0.32541488126025214,1.625921195025935,2.08
1,0,2.061424324582225,0.41869329451926146,2.08
1,0,0.40899718207589464,-0.788534605987412,2.06
1,0,0.7762032137439681,0.6601388746205964,2.06
1,0,0.9598062295780048,0.41869329451926146,2.05
1,0,0.22539416624185796,-0.3056434457847422,2.04
1,0,1.6942182929141516,-0.3056434457847422,2.03
1,0,-0.6926209129283255,0.9015844547219313,2.02
1,0,0.7762032137439681,1.8673667751272698,2.02
1,0,0.041791150407821255,0.9015844547219313,2.01
1,0,-0.14181186542621546,1.625921195025935,1.99
1,0,2.061424324582225,0.6601388746205964,1.99
1,0,-0.5090178970942889,1.625921195025935,1.99
1,0,0.9598062295780048,0.17724771441792656,1.98
1,0,-0.14181186542621546,-0.788534605987412,1.98
1,0,-0.32541488126025214,0.41869329451926146,1.97
1,1,1.3270122612460782,-1.5128713462914156,1.96
1,1,0.5926001979099313,1.3844756149246,1.96
1,1,2.061424324582225,1.1430300348232663,1.94
1,1,2.061424324582225,-1.029980186088747,1.94
1,0,-0.6926209129283255,-0.5470890258860771,1.93
1,0,1.8778213087481883,0.41869329451926146,1.92
1,1,0.5926001979099313,-0.06419786568340728,1.89
1,1,1.8778213087481883,0.6601388746205964,1.88
1,1,0.22539416624185796,1.1430300348232663,1.86
1,1,0.22539416624185796,0.9015844547219313,1.85
1,0,0.041791150407821255,0.9015844547219313,1.85
1,0,-1.059826944596399,-0.3056434457847422,1.84
1,0,2.061424324582225,1.1430300348232663,1.84
1,0,0.1335926583248396,-0.06419786568340728,1.84
1,0,-0.0500103575091971,-0.3056434457847422,1.83
1,0,-0.32541488126025214,0.6601388746205964,1.83
1,1,-0.6926209129283255,1.1430300348232663,1.83
1,1,-0.7844224208453439,0.41869329451926146,1.81
1,0,-0.8762239287623622,0.17724771441792656,1.78
1,0,0.041791150407821255,0.17724771441792656,1.78
1,0,1.1434092454120415,0.6601388746205964,1.77
1,0,0.40899718207589464,-0.3056434457847422,1.77
1,1,0.7762032137439681,1.3844756149246,1.75
1,1,-1.2434299604304357,-1.9957625064940856,1.75
1,1,-0.32541488126025214,-0.3056434457847422,1.74
1,0,0.9598062295780048,-0.5470890258860771,1.74
1,1,-0.14181186542621546,0.17724771441792656,1.74
1,1,0.7762032137439681,1.3844756149246,1.73
1,0,1.3270122612460782,0.6601388746205964,1.72
1,0,1.3270122612460782,1.1430300348232663,1.72
1,1,0.5926001979099313,1.3844756149246,1.72
1,1,0.22539416624185796,1.8673667751272698,1.71
1,1,0.5926001979099313,0.9015844547219313,1.71
1,1,-0.14181186542621546,1.1430300348232663,1.71
1,1,-0.6926209129283255,1.625921195025935,1.7
1,0,-0.8762239287623622,1.8673667751272698,1.68
1,0,0.22539416624185796,1.1430300348232663,1.68
1,0,-1.2434299604304357,-1.029980186088747,1.68
1,0,0.40899718207589464,-0.06419786568340728,1.67
1,1,0.041791150407821255,-0.5470890258860771,1.66
1,0,0.041791150407821255,0.9015844547219313,1.66
1,1,0.7762032137439681,0.41869329451926146,1.66
1,0,0.7762032137439681,1.1430300348232663,1.66
1,1,0.22539416624185796,1.1430300348232663,1.66
1,0,0.7762032137439681,-0.788534605987412,1.64
1,0,-0.14181186542621546,0.9015844547219313,1.64
1,1,0.9598062295780048,0.9015844547219313,1.63
1,1,0.5926001979099313,-1.2714257661900807,1.62
1,1,0.9598062295780048,1.3844756149246,1.62
1,0,-0.14181186542621546,1.3844756149246,1.61
1,0,1.510615277080115,0.6601388746205964,1.61
1,0,0.9598062295780048,-0.06419786568340728,1.61
1,0,-0.5090178970942889,-0.788534605987412,1.6
1,0,-0.5090178970942889,0.9015844547219313,1.6
1,0,0.9598062295780048,-0.5470890258860771,1.6
1,0,0.9598062295780048,0.17724771441792656,1.59
1,1,0.9598062295780048,1.3844756149246,1.59
1,1,0.500798689992913,0.41869329451926146,1.58
1,1,2.061424324582225,-0.5470890258860771,1.57
1,1,-0.32541488126025214,-1.029980186088747,1.57
1,0,1.3270122612460782,0.17724771441792656,1.57
1,0,1.1434092454120415,0.9015844547219313,1.57
1,1,0.5926001979099313,0.41869329451926146,1.56
1,1,0.22539416624185796,-0.3056434457847422,1.56
1,1,0.7762032137439681,0.9015844547219313,1.55
1,1,0.5926001979099313,-0.5470890258860771,1.55
1,0,1.051607737495023,1.3844756149246,1.55
1,1,-0.8762239287623622,1.625921195025935,1.54
1,1,-1.7024375000155274,-0.06419786568340728,1.52
1,0,0.5926001979099313,0.9015844547219313,1.52
1,0,0.9598062295780048,0.9015844547219313,1.51
1,0,0.40899718207589464,1.625921195025935,1.51
1,0,0.5926001979099313,-0.788534605987412,1.51
1,0,0.9598062295780048,-0.06419786568340728,1.5
1,0,0.5926001979099313,0.6601388746205964,1.49
1,1,0.22539416624185796,1.1430300348232663,1.49
1,0,0.40899718207589464,0.6601388746205964,1.49
1,0,-1.059826944596399,-0.788534605987412,1.49
1,1,0.041791150407821255,1.3844756149246,1.49
1,0,2.061424324582225,-0.3056434457847422,1.48
1,1,-0.14181186542621546,-0.3056434457847422,1.48
1,1,-0.8762239287623622,0.17724771441792656,1.47
1,0,1.8778213087481883,1.8673667751272698,1.47
1,0,1.1434092454120415,1.8673667751272698,1.47
1,0,0.5926001979099313,-1.029980186088747,1.46
1,0,-0.14181186542621546,-0.5470890258860771,1.46
1,0,1.510615277080115,0.41869329451926146,1.45
1,0,0.9598062295780048,0.41869329451926146,1.45
1,0,0.5926001979099313,0.6601388746205964,1.45
1,1,0.7762032137439681,0.9015844547219313,1.45
1,0,0.5926001979099313,1.8673667751272698,1.44
1,1,0.5926001979099313,-0.3056434457847422,1.44
1,1,2.061424324582225,0.17724771441792656,1.43
1,1,0.5926001979099313,0.41869329451926146,1.43
1,0,-0.32541488126025214,-0.06419786568340728,1.43
1,1,2.061424324582225,1.3844756149246,1.43
1,1,1.8778213087481883,0.17724771441792656,1.43
1,0,0.40899718207589464,1.1430300348232663,1.42
1,0,-0.14181186542621546,-0.5470890258860771,1.42
1,1,0.041791150407821255,1.1430300348232663,1.41
1,1,0.40899718207589464,0.9015844547219313,1.41
1,0,0.6844017058269497,0.41869329451926146,1.4
1,0,-0.32541488126025214,0.6601388746205964,1.4
1,1,0.9598062295780048,-0.06419786568340728,1.39
1,0,0.40899718207589464,-0.3056434457847422,1.39
1,0,0.9598062295780048,0.41869329451926146,1.39
1,0,0.9598062295780048,0.41869329451926146,1.39
1,1,0.5926001979099313,0.9015844547219313,1.39
1,1,0.041791150407821255,1.625921195025935,1.38
1,0,-1.2434299604304357,0.9015844547219313,1.38
1,0,0.041791150407821255,0.17724771441792656,1.38
1,1,-0.8762239287623622,0.6601388746205964,1.38
1,0,0.22539416624185796,0.41869329451926146,1.37
1,0,1.6942182929141516,0.17724771441792656,1.37
1,0,0.500798689992913,-0.06419786568340728,1.37
1,0,-0.6926209129283255,-0.5470890258860771,1.37
1,0,-0.6926209129283255,-0.3056434457847422,1.36
1,0,0.5926001979099313,0.41869329451926146,1.36
1,0,-0.32541488126025214,-0.06419786568340728,1.36
1,1,0.5926001979099313,0.6601388746205964,1.36
1,1,-1.6106359920985092,0.6601388746205964,1.36
1,0,0.22539416624185796,-1.2714257661900807,1.35
1,1,0.5926001979099313,1.625921195025935,1.35
1,0,0.041791150407821255,1.1430300348232663,1.35
1,0,-0.32541488126025214,0.17724771441792656,1.34
1,1,0.5926001979099313,0.41869329451926146,1.34
1,0,-0.5090178970942889,0.41869329451926146,1.34
1,1,1.6942182929141516,1.3844756149246,1.33
1,1,0.7762032137439681,1.1430300348232663,1.33
1,1,0.5926001979099313,0.6601388746205964,1.33
1,0,2.061424324582225,0.9015844547219313,1.33
1,0,0.22539416624185796,-1.029980186088747,1.32
1,0,1.510615277080115,-0.788534605987412,1.32
1,0,0.40899718207589464,0.17724771441792656,1.32
1,0,1.510615277080115,0.6601388746205964,1.31
1,1,-1.059826944596399,1.625921195025935,1.31
1,0,0.5926001979099313,1.1430300348232663,1.31
1,0,0.40899718207589464,-0.06419786568340728,1.31
1,1,-0.4172163891772705,-1.7543169263927505,1.3
1,0,0.041791150407821255,1.8673667751272698,1.3
1,1,-0.8762239287623622,1.8673667751272698,1.29
1,0,-0.8762239287623622,-0.788534605987412,1.29
1,1,0.22539416624185796,1.3844756149246,1.29
1,0,1.510615277080115,-0.3056434457847422,1.29
1,0,0.5926001979099313,-1.029980186088747,1.29
1,0,0.041791150407821255,1.3844756149246,1.28
1,0,0.7762032137439681,0.9015844547219313,1.28
1,0,0.5926001979099313,-1.029980186088747,1.27
1,1,-0.6926209129283255,0.17724771441792656,1.27
1,1,0.041791150407821255,-0.5470890258860771,1.26
1,1,-0.32541488126025214,-0.788534605987412,1.26
1,0,2.061424324582225,0.6601388746205964,1.26
1,1,2.061424324582225,1.1430300348232663,1.26
1,0,1.510615277080115,1.1430300348232663,1.26
1,0,-0.32541488126025214,-0.06419786568340728,1.26
1,0,0.40899718207589464,-0.3056434457847422,1.25
1,0,0.9598062295780048,0.6601388746205964,1.25
1,0,0.041791150407821255,0.41869329451926146,1.25
1,1,0.40899718207589464,0.6601388746205964,1.24
1,0,1.1434092454120415,-2.7200992467980893,1.24
1,0,-0.0500103575091971,-0.06419786568340728,1.23
1,0,0.5926001979099313,-0.3056434457847422,1.23
1,0,1.6942182929141516,1.1430300348232663,1.23
1,1,-1.059826944596399,0.9015844547219313,1.23
1,0,0.9598062295780048,0.17724771441792656,1.23
1,1,-0.5090178970942889,0.9015844547219313,1.22
1,0,0.9598062295780048,0.9015844547219313,1.22
1,0,-0.32541488126025214,-1.029980186088747,1.22
1,0,0.7762032137439681,1.1430300348232663,1.22
1,0,0.041791150407821255,0.41869329451926146,1.22
1,1,-0.5090178970942889,1.625921195025935,1.22
1,1,0.041791150407821255,0.41869329451926146,1.22
1,0,0.041791150407821255,0.9015844547219313,1.21
1,0,-0.6926209129283255,-0.788534605987412,1.21
1,0,0.40899718207589464,1.3844756149246,1.21
1,1,0.22539416624185796,1.1430300348232663,1.21
1,0,-0.6926209129283255,-0.3056434457847422,1.21
1,1,-0.5090178970942889,-2.2372080865954205,1.2
1,1,-0.6926209129283255,1.3844756149246,1.2
1,1,0.7762032137439681,1.625921195025935,1.2
1,0,0.7762032137439681,0.41869329451926146,1.2
1,0,1.1434092454120415,-1.029980186088747,1.2
1,0,0.041791150407821255,-1.2714257661900807,1.2
1,0,0.5926001979099313,0.6601388746205964,1.19
1,1,0.40899718207589464,0.6601388746205964,1.19
1,0,-0.5090178970942889,0.17724771441792656,1.19
1,0,1.510615277080115,-0.5470890258860771,1.19
1,1,-0.32541488126025214,0.41869329451926146,1.19
1,1,0.7762032137439681,0.6601388746205964,1.19
1,1,0.40899718207589464,-0.788534605987412,1.19
1,0,-1.1516284525134173,-0.3056434457847422,1.18
1,1,-1.059826944596399,1.1430300348232663,1.18
1,1,1.3270122612460782,-0.06419786568340728,1.18
1,0,0.5926001979099313,0.41869329451926146,1.17
1,0,0.40899718207589464,1.1430300348232663,1.17
1,0,1.6942182929141516,0.6601388746205964,1.17
1,1,1.3270122612460782,-0.788534605987412,1.17
1,0,0.9598062295780048,0.9015844547219313,1.16
1,0,-0.8762239287623622,-1.2714257661900807,1.16
1,0,0.041791150407821255,-0.788534605987412,1.16
1,0,1.1434092454120415,0.9015844547219313,1.15
1,0,0.7762032137439681,-1.7543169263927505,1.15
1,0,-0.32541488126025214,-0.06419786568340728,1.15
1,0,0.1335926583248396,0.17724771441792656,1.15
1,0,1.8778213087481883,1.1430300348232663,1.15
1,0,0.9598062295780048,1.625921195025935,1.15
1,0,-0.8762239287623622,-0.06419786568340728,1.15
1,0,0.041791150407821255,0.6601388746205964,1.15
1,1,0.40899718207589464,1.625921195025935,1.14
1,1,0.041791150407821255,0.41869329451926146,1.14
1,1,0.7762032137439681,1.3844756149246,1.13
1,0,0.041791150407821255,1.625921195025935,1.13
1,0,1.1434092454120415,1.1430300348232663,1.13
1,1,0.500798689992913,0.41869329451926146,1.13
1,0,0.5926001979099313,0.17724771441792656,1.12
1,1,-1.4270329762644725,-0.06419786568340728,1.12
1,0,1.6942182929141516,1.1430300348232663,1.12
1,1,-0.5090178970942889,-0.5470890258860771,1.12
1,0,0.7762032137439681,-0.06419786568340728,1.12
1,1,-0.32541488126025214,1.3844756149246,1.12
1,1,0.5926001979099313,-0.788534605987412,1.12
1,0,-0.0500103575091971,0.9015844547219313,1.11
1,1,-0.38049578601046263,1.625921195025935,1.11
1,0,0.7762032137439681,-0.3056434457847422,1.11
1,1,0.7762032137439681,0.6601388746205964,1.11
1,0,0.22539416624185796,-1.7543169263927505,1.11
1,0,0.7762032137439681,-1.7543169263927505,1.11
1,0,1.1434092454120415,0.41869329451926146,1.11
1,0,0.5926001979099313,0.9015844547219313,1.1
1,1,-0.8762239287623622,-0.788534605987412,1.1
1,0,0.40899718207589464,0.9015844547219313,1.1
1,1,0.22539416624185796,-0.5470890258860771,1.1
1,0,-1.059826944596399,-1.029980186088747,1.1
1,0,-0.32541488126025214,1.1430300348232663,1.1
1,1,0.9598062295780048,-0.06419786568340728,1.09
1,1,0.9598062295780048,0.6601388746205964,1.09
1,0,0.40899718207589464,1.1430300348232663,1.09
1,1,-0.32541488126025214,1.625921195025935,1.09
1,0,-0.32541488126025214,0.17724771441792656,1.09
1,1,-1.6106359920985092,-0.5470890258860771,1.09
1,1,1.3270122612460782,-0.5470890258860771,1.09
1,1,-1.059826944596399,1.1430300348232663,1.09
1,0,-0.14181186542621546,-0.3056434457847422,1.08
1,0,0.5926001979099313,-1.2714257661900807,1.08
1,0,0.5926001979099313,1.3844756149246,1.08
1,0,0.7762032137439681,-0.3056434457847422,1.08
1,0,0.22539416624185796,-0.788534605987412,1.08
1,1,0.5926001979099313,0.9015844547219313,1.08
1,0,1.510615277080115,1.625921195025935,1.08
1,1,-0.32541488126025214,0.9015844547219313,1.07
1,0,1.1434092454120415,1.1430300348232663,1.07
1,0,0.041791150407821255,1.1430300348232663,1.07
1,0,-0.6008194050113072,-0.3056434457847422,1.07
1,0,1.3270122612460782,1.625921195025935,1.07
1,0,0.5926001979099313,-0.3056434457847422,1.06
1,0,0.7762032137439681,1.1430300348232663,1.06
1,0,0.40899718207589464,0.17724771441792656,1.06
1,0,0.40899718207589464,1.8673667751272698,1.06
1,0,0.40899718207589464,-0.3056434457847422,1.06
1,0,0.7762032137439681,1.1430300348232663,1.06
1,0,-0.9680254366793806,-0.788534605987412,1.06
1,1,1.1434092454120415,-0.5470890258860771,1.05
1,0,0.9598062295780048,-0.5470890258860771,1.05
1,0,-1.059826944596399,-0.5470890258860771,1.05
1,0,-0.6926209129283255,-3.202990407000759,1.05
1,0,1.3270122612460782,-2.961544826899424,1.04
1,1,0.7762032137439681,-1.029980186088747,1.04
1,0,0.1335926583248396,-0.788534605987412,1.04
1,1,1.510615277080115,0.9015844547219313,1.04
1,1,0.40899718207589464,-0.06419786568340728,1.03
1,0,0.1335926583248396,-0.06419786568340728,1.03
1,0,-0.2336133733432338,1.625921195025935,1.03
1,1,-0.14181186542621546,0.6601388746205964,1.03
1,1,0.5926001979099313,1.625921195025935,1.03
1,1,1.3270122612460782,1.1430300348232663,1.02
1,0,2.061424324582225,0.6601388746205964,1.02
1,0,2.061424324582225,0.6601388746205964,1.02
1,0,0.9598062295780048,-0.5470890258860771,1.02
1,0,1.6942182929141516,-0.788534605987412,1.02
1,0,0.9598062295780048,-0.5470890258860771,1.02
1,1,-1.1516284525134173,-1.2714257661900807,1.02
1,1,0.40899718207589464,0.17724771441792656,1.01
1,0,1.510615277080115,1.3844756149246,1.01
1,1,1.510615277080115,0.17724771441792656,1.0
1,0,1.3270122612460782,0.9015844547219313,1.0
1,0,0.7762032137439681,0.6601388746205964,1.0
1,0,0.041791150407821255,-2.4786536666967542,1.0
1,1,1.1434092454120415,1.1430300348232663,1.0
1,0,1.3270122612460782,-0.5470890258860771,0.99
1,0,-1.7942390079325459,-1.029980186088747,0.99
1,0,1.1434092454120415,-0.3056434457847422,0.99
1,0,2.061424324582225,-0.3056434457847422,0.99
1,1,0.041791150407821255,-0.3056434457847422,0.99
1,0,0.7762032137439681,0.17724771441792656,0.98
1,1,-0.6926209129283255,0.6601388746205964,0.98
1,0,-0.14181186542621546,-0.788534605987412,0.98
1,0,-1.335231468347454,-1.5128713462914156,0.98
1,1,0.22539416624185796,-1.9957625064940856,0.97
1,1,-0.6926209129283255,-1.029980186088747,0.97
1,0,-1.4270329762644725,0.17724771441792656,0.97
1,0,-0.6926209129283255,0.41869329451926146,0.97
1,1,1.1434092454120415,0.41869329451926146,0.97
1,0,-0.6926209129283255,0.6601388746205964,0.96
1,1,0.041791150407821255,-0.06419786568340728,0.96
1,1,-0.32541488126025214,0.41869329451926146,0.96
1,1,-1.11490784934661,-0.5470890258860771,0.96
1,0,0.9598062295780048,-1.5128713462914156,0.96
1,0,0.9598062295780048,-0.788534605987412,0.96
1,0,-0.8762239287623622,-0.3056434457847422,0.96
1,1,-0.14181186542621546,-0.3056434457847422,0.95
1,0,0.40899718207589464,0.6601388746205964,0.95
1,0,-1.059826944596399,-3.4444359871020933,0.95
1,0,0.8680047216609864,0.17724771441792656,0.95
1,0,0.1335926583248396,0.41869329451926146,0.95
1,0,0.9598062295780048,-1.7543169263927505,0.95
1,0,0.5926001979099313,0.41869329451926146,0.94
1,0,-1.1516284525134173,-0.5470890258860771,0.94
1,0,0.40899718207589464,1.3844756149246,0.94
1,0,-0.32541488126025214,1.1430300348232663,0.94
1,0,0.5926001979099313,0.17724771441792656,0.94
1,0,-0.32541488126025214,1.625921195025935,0.93
1,0,1.1434092454120415,0.6601388746205964,0.93
1,0,-0.7844224208453439,-0.3056434457847422,0.93
1,0,0.9598062295780048,0.9015844547219313,0.93
1,0,-0.5090178970942889,-1.029980186088747,0.93
1,0,0.9598062295780048,0.17724771441792656,0.93
1,1,0.40899718207589464,-0.5470890258860771,0.93
1,0,0.40899718207589464,-0.788534605987412,0.93
1,1,0.40899718207589464,-0.788534605987412,0.92
1,0,1.6942182929141516,1.625921195025935,0.92
1,1,0.5926001979099313,-1.029980186088747,0.92
1,1,0.041791150407821255,1.3844756149246,0.92
1,1,-0.7844224208453439,1.1430300348232663,0.91
1,0,-0.6008194050113072,0.6601388746205964,0.91
1,0,-1.059826944596399,-0.06419786568340728,0.9
1,1,-1.6106359920985092,-0.3056434457847422,0.9
1,0,2.061424324582225,1.625921195025935,0.9
1,1,1.510615277080115,0.6601388746205964,0.9
1,0,0.5926001979099313,-0.5470890258860771,0.9
1,1,-1.7942390079325459,1.625921195025935,0.9
1,1,0.40899718207589464,0.17724771441792656,0.9
1,1,0.7762032137439681,1.625921195025935,0.89
1,0,1.1434092454120415,0.41869329451926146,0.89
1,1,-1.9778420237665826,-1.5128713462914156,0.89
1,0,2.061424324582225,1.625921195025935,0.89
1,0,-0.8762239287623622,-1.5128713462914156,0.89
1,0,-2.1614450396006193,-1.7543169263927505,0.89
1,0,1.1434092454120415,-1.5128713462914156,0.89
1,1,-0.14181186542621546,-0.5470890258860771,0.88
1,1,0.041791150407821255,0.6601388746205964,0.88
1,0,-0.5090178970942889,-0.3056434457847422,0.88
1,1,-0.6926209129283255,0.9015844547219313,0.88
1,1,-0.32541488126025214,0.6601388746205964,0.88
1,1,0.22539416624185796,-0.5470890258860771,0.87
1,1,1.1434092454120415,0.17724771441792656,0.87
1,1,0.5926001979099313,-0.06419786568340728,0.87
1,1,0.5926001979099313,0.9015844547219313,0.87
1,0,2.061424324582225,0.17724771441792656,0.86
1,1,0.5926001979099313,0.6601388746205964,0.86
1,1,1.6942182929141516,1.625921195025935,0.86
1,1,0.3171956741588763,1.3844756149246,0.86
1,0,-0.6926209129283255,-0.5470890258860771,0.86
1,0,-0.8762239287623622,-0.06419786568340728,0.86
1,0,0.22539416624185796,0.17724771441792656,0.86
1,1,-0.32541488126025214,0.6601388746205964,0.86
1,1,1.510615277080115,0.17724771441792656,0.86
1,1,-0.6926209129283255,0.41869329451926146,0.86
1,0,1.510615277080115,-0.06419786568340728,0.85
1,0,-0.2336133733432338,0.41869329451926146,0.85
1,0,-0.32541488126025214,-1.029980186088747,0.85
1,1,0.7762032137439681,0.9015844547219313,0.85
1,1,0.7762032137439681,2.3502579353299398,0.85
1,0,-0.5090178970942889,0.9015844547219313,0.85
1,1,-0.14181186542621546,1.1430300348232663,0.85
1,1,1.3270122612460782,-0.3056434457847422,0.84
1,1,0.041791150407821255,0.17724771441792656,0.84
1,0,-0.32541488126025214,-1.9957625064940856,0.83
1,1,-0.32541488126025214,0.41869329451926146,0.83
1,1,0.22539416624185796,-0.5470890258860771,0.83
1,0,2.061424324582225,0.41869329451926146,0.83
1,1,-0.5090178970942889,-0.788534605987412,0.82
1,0,-0.9680254366793806,-1.029980186088747,0.82
1,0,1.8778213087481883,-1.029980186088747,0.82
1,0,-0.9680254366793806,-0.788534605987412,0.82
1,1,0.7762032137439681,-0.788534605987412,0.81
1,1,0.041791150407821255,0.9015844547219313,0.81
1,1,0.22539416624185796,0.9015844547219313,0.81
1,1,0.22539416624185796,1.1430300348232663,0.81
1,0,-2.5286510712686927,0.6601388746205964,0.8
1,1,0.40899718207589464,1.1430300348232663,0.8
1,0,0.9598062295780048,1.1430300348232663,0.8
1,0,0.7762032137439681,-0.3056434457847422,0.8
1,0,-0.4172163891772705,-0.3056434457847422,0.8
1,1,-0.5090178970942889,1.1430300348232663,0.8
1,0,0.5926001979099313,-0.788534605987412,0.8
1,0,1.510615277080115,-0.3056434457847422,0.79
1,1,0.22539416624185796,0.41869329451926146,0.79
1,1,-2.1614450396006193,1.1430300348232663,0.79
1,1,0.22539416624185796,1.1430300348232663,0.79
1,0,0.9598062295780048,0.9015844547219313,0.78
1,1,-1.059826944596399,-0.3056434457847422,0.78
1,0,-0.5090178970942889,-0.788534605987412,0.78
1,1,1.3270122612460782,1.3844756149246,0.78
1,1,0.9598062295780048,-0.06419786568340728,0.78
1,0,1.6942182929141516,2.1088123552286038,0.78
1,1,-1.1516284525134173,-1.2714257661900807,0.78
1,0,0.5926001979099313,1.3844756149246,0.78
1,1,0.40899718207589464,-0.06419786568340728,0.77
1,0,-1.059826944596399,0.17724771441792656,0.77
1,0,1.1434092454120415,-0.06419786568340728,0.77
1,0,0.5926001979099313,0.6601388746205964,0.77
1,0,1.3270122612460782,0.41869329451926146,0.77
1,1,1.1434092454120415,0.41869329451926146,0.77
1,0,-0.6926209129283255,-0.5470890258860771,0.76
1,0,0.5926001979099313,0.6601388746205964,0.76
1,0,-0.14181186542621546,-0.5470890258860771,0.76
1,0,0.40899718207589464,-0.5470890258860771,0.76
1,1,0.40899718207589464,0.6601388746205964,0.76
1,0,-0.4172163891772705,-0.06419786568340728,0.75
1,0,-0.5090178970942889,-0.3056434457847422,0.75
1,0,-0.32541488126025214,0.6601388746205964,0.75
1,0,-1.2434299604304357,-0.3056434457847422,0.75
1,0,1.1434092454120415,0.6601388746205964,0.75
1,1,1.1434092454120415,0.41869329451926146,0.75
1,0,1.8778213087481883,0.9015844547219313,0.75
1,0,0.7762032137439681,0.41869329451926146,0.75
1,1,-1.2434299604304357,-0.06419786568340728,0.75
1,0,-1.2434299604304357,-0.06419786568340728,0.75
1,1,-0.6008194050113072,0.17724771441792656,0.74
1,1,-0.32541488126025214,1.1430300348232663,0.74
1,1,0.40899718207589464,1.625921195025935,0.74
1,0,0.7762032137439681,-0.06419786568340728,0.74
1,0,1.3270122612460782,1.1430300348232663,0.74
1,1,-0.32541488126025214,0.9015844547219313,0.74
1,1,-0.8762239287623622,-1.2714257661900807,0.74
1,1,1.1434092454120415,-0.06419786568340728,0.73
1,0,1.1434092454120415,-0.5470890258860771,0.73
1,0,1.6942182929141516,0.41869329451926146,0.73
1,1,1.1434092454120415,-1.029980186088747,0.73
1,0,1.8778213087481883,0.41869329451926146,0.73
1,1,0.5926001979099313,0.6601388746205964,0.72
1,0,-2.5286510712686927,-0.788534605987412,0.72
1,1,-0.6926209129283255,0.17724771441792656,0.72
1,1,0.40899718207589464,-1.2714257661900807,0.72
1,1,-0.5090178970942889,-1.5128713462914156,0.71
1,0,-0.14181186542621546,-0.5470890258860771,0.71
1,1,-0.7844224208453439,-0.3056434457847422,0.71
1,1,-0.14181186542621546,1.1430300348232663,0.71
1,1,1.510615277080115,0.9015844547219313,0.71
1,1,-0.14181186542621546,-0.06419786568340728,0.71
1,1,0.9598062295780048,0.6601388746205964,0.71
1,0,-0.14181186542621546,0.17724771441792656,0.7
1,0,0.5926001979099313,-1.029980186088747,0.7
1,0,1.8778213087481883,1.625921195025935,0.7
1,0,0.5926001979099313,-0.06419786568340728,0.7
1,1,-0.0500103575091971,-0.5470890258860771,0.7
1,0,1.6942182929141516,0.41869329451926146,0.7
1,0,-0.6926209129283255,-0.5470890258860771,0.69
1,0,-0.32541488126025214,0.6601388746205964,0.69
1,0,0.041791150407821255,1.1430300348232663,0.69
1,1,-0.8762239287623622,0.9015844547219313,0.69
1,1,0.22539416624185796,-0.06419786568340728,0.69
1,0,-0.14181186542621546,-0.3056434457847422,0.68
1,1,0.041791150407821255,1.1430300348232663,0.68
1,0,-1.059826944596399,-1.029980186088747,0.68
1,1,0.041791150407821255,0.9015844547219313,0.68
1,1,-0.8762239287623622,-0.5470890258860771,0.68
1,1,-0.32541488126025214,-0.5470890258860771,0.68
1,0,1.6942182929141516,-1.9957625064940856,0.68
1,1,-0.32541488126025214,0.9015844547219313,0.68
1,0,1.8778213087481883,0.9015844547219313,0.67
1,0,-0.6926209129283255,-2.2372080865954205,0.67
1,1,-0.14181186542621546,0.17724771441792656,0.67
1,0,-0.6926209129283255,1.1430300348232663,0.67
1,1,1.6942182929141516,0.17724771441792656,0.67
1,1,-0.9680254366793806,1.3844756149246,0.66
1,0,1.1434092454120415,-1.029980186088747,0.65
1,1,0.041791150407821255,-0.06419786568340728,0.65
1,1,0.5926001979099313,0.17724771441792656,0.65
1,0,0.5926001979099313,0.17724771441792656,0.65
1,1,0.5926001979099313,-0.788534605987412,0.65
1,0,0.40899718207589464,-0.06419786568340728,0.65
1,1,-0.5090178970942889,-0.3056434457847422,0.65
1,1,0.041791150407821255,-0.06419786568340728,0.65
1,1,0.22539416624185796,-0.5470890258860771,0.64
1,0,-0.14181186542621546,1.1430300348232663,0.64
1,0,1.3270122612460782,-0.3056434457847422,0.64
1,1,-0.2336133733432338,0.17724771441792656,0.64
1,0,-0.32541488126025214,0.17724771441792656,0.63
1,0,1.6942182929141516,0.41869329451926146,0.63
1,1,0.9598062295780048,-1.029980186088747,0.63
1,0,0.22539416624185796,-0.3056434457847422,0.63
1,0,-0.6008194050113072,-1.2714257661900807,0.63
1,0,0.22539416624185796,-1.7543169263927505,0.63
1,0,0.40899718207589464,-0.3056434457847422,0.63
1,1,0.22539416624185796,0.6601388746205964,0.63
1,0,-0.5090178970942889,0.17724771441792656,0.63
1,1,-0.32541488126025214,0.6601388746205964,0.62
1,0,1.8778213087481883,0.9015844547219313,0.62
1,1,-1.059826944596399,-1.5128713462914156,0.62
1,1,0.9598062295780048,1.8673667751272698,0.62
1,1,0.5926001979099313,1.1430300348232663,0.61
1,1,0.40899718207589464,-1.029980186088747,0.61
1,1,-0.14181186542621546,1.625921195025935,0.61
1,1,0.22539416624185796,1.8673667751272698,0.61
1,0,1.3270122612460782,-0.06419786568340728,0.61
1,1,-0.6926209129283255,0.17724771441792656,0.61
1,1,0.5926001979099313,-1.9957625064940856,0.61
1,1,0.9598062295780048,-0.5470890258860771,0.61
1,0,-0.6926209129283255,-0.3056434457847422,0.61
1,0,-0.8762239287623622,0.6601388746205964,0.61
1,0,2.061424324582225,0.6601388746205964,0.61
1,0,-0.0500103575091971,1.3844756149246,0.6
1,0,-0.5090178970942889,0.41869329451926146,0.6
1,1,-0.14181186542621546,0.17724771441792656,0.6
1,0,1.8778213087481883,1.3844756149246,0.6
1,1,-0.14181186542621546,1.625921195025935,0.6
1,0,0.40899718207589464,-2.961544826899424,0.6
1,0,1.510615277080115,0.9015844547219313,0.6
1,0,-0.32541488126025214,0.41869329451926146,0.6
1,0,1.1434092454120415,1.1430300348232663,0.6
1,0,-0.14181186542621546,-0.788534605987412,0.59
1,0,0.40899718207589464,0.6601388746205964,0.59
1,0,0.40899718207589464,-0.5470890258860771,0.59
1,0,0.22539416624185796,0.6601388746205964,0.58
1,0,1.3270122612460782,-0.06419786568340728,0.58
1,1,-0.6926209129283255,1.8673667751272698,0.58
1,0,0.40899718207589464,0.17724771441792656,0.58
1,1,0.7762032137439681,0.6601388746205964,0.58
1,0,-0.8762239287623622,-0.3056434457847422,0.58
1,0,-0.14181186542621546,0.6601388746205964,0.58
1,1,-0.32541488126025214,0.17724771441792656,0.58
1,1,-0.14181186542621546,0.6601388746205964,0.58
1,0,-1.4270329762644725,0.6601388746205964,0.58
1,0,0.40899718207589464,-2.4786536666967542,0.58
1,0,0.22539416624185796,-0.788534605987412,0.58
1,0,1.510615277080115,0.9015844547219313,0.57
1,1,-0.5090178970942889,1.625921195025935,0.57
1,1,-0.14181186542621546,0.17724771441792656,0.57
1,1,0.041791150407821255,-0.3056434457847422,0.57
1,1,0.22539416624185796,0.6601388746205964,0.57
1,1,0.041791150407821255,-0.3056434457847422,0.57
1,1,-0.6926209129283255,1.1430300348232663,0.57
1,1,-1.059826944596399,0.41869329451926146,0.57
1,1,0.5926001979099313,1.3844756149246,0.57
1,0,0.7762032137439681,-1.029980186088747,0.56
1,0,1.8778213087481883,1.1430300348232663,0.56
1,0,0.5926001979099313,-0.788534605987412,0.56
1,0,0.3171956741588763,0.9015844547219313,0.56
1,0,-1.7942390079325459,-1.5128713462914156,0.56
1,0,-0.5090178970942889,-0.3056434457847422,0.56
1,1,-0.8762239287623622,-0.5470890258860771,0.56
1,1,0.22539416624185796,-0.06419786568340728,0.56
1,0,-0.14181186542621546,0.6601388746205964,0.56
1,0,0.40899718207589464,0.41869329451926146,0.55
1,0,-0.5090178970942889,-2.4786536666967542,0.55
1,1,1.1434092454120415,1.1430300348232663,0.55
1,0,0.22539416624185796,1.3844756149246,0.55
1,0,-1.059826944596399,-1.5128713462914156,0.54
1,1,-0.32541488126025214,-0.06419786568340728,0.54
1,1,-0.5090178970942889,-1.5128713462914156,0.54
1,1,-1.2434299604304357,-0.3056434457847422,0.54
1,1,-1.0047460398461878,-0.788534605987412,0.54
1,1,0.7762032137439681,0.41869329451926146,0.54
1,1,-1.2434299604304357,0.9015844547219313,0.53
1,0,-0.14181186542621546,0.17724771441792656,0.53
1,1,0.3171956741588763,-0.06419786568340728,0.53
1,0,0.9598062295780048,0.17724771441792656,0.53
1,0,-0.4172163891772705,-1.2714257661900807,0.53
1,1,0.5926001979099313,-0.5470890258860771,0.53
1,1,0.40899718207589464,0.41869329451926146,0.52
1,0,0.3171956741588763,0.6601388746205964,0.52
1,1,-0.32541488126025214,1.625921195025935,0.52
1,1,-0.5090178970942889,0.6601388746205964,0.52
1,1,-0.8762239287623622,-0.788534605987412,0.52
1,1,-0.6926209129283255,-0.5470890258860771,0.51
1,1,0.5926001979099313,0.17724771441792656,0.51
1,1,0.041791150407821255,1.1430300348232663,0.51
1,0,0.5926001979099313,1.1430300348232663,0.51
1,0,0.9598062295780048,-0.788534605987412,0.51
1,1,0.041791150407821255,-0.5470890258860771,0.51
1,1,-0.32541488126025214,0.6601388746205964,0.51
1,0,-0.8762239287623622,-1.5128713462914156,0.5
1,0,-0.8762239287623622,0.9015844547219313,0.5
1,1,0.500798689992913,-0.06419786568340728,0.5
1,0,-0.7844224208453439,0.41869329451926146,0.5
1,1,-0.5090178970942889,-0.06419786568340728,0.5
1,0,-0.5090178970942889,-0.3056434457847422,0.5
1,1,0.9598062295780048,1.3844756149246,0.49
1,0,0.9598062295780048,-1.5128713462914156,0.49
1,1,-0.32541488126025214,-0.3056434457847422,0.49
1,0,0.7762032137439681,-0.06419786568340728,0.49
1,0,0.40899718207589464,1.1430300348232663,0.49
1,0,-0.5090178970942889,-0.3056434457847422,0.49
1,0,0.40899718207589464,-0.06419786568340728,0.49
1,0,-0.6926209129283255,1.8673667751272698,0.48
1,0,0.1335926583248396,-0.3056434457847422,0.48
1,0,1.1434092454120415,-1.2714257661900807,0.48
1,0,-0.14181186542621546,0.6601388746205964,0.48
1,0,-0.32541488126025214,0.17724771441792656,0.48
1,0,1.6942182929141516,0.6601388746205964,0.48
1,1,0.9598062295780048,1.1430300348232663,0.48
1,0,-0.9680254366793806,-1.5128713462914156,0.47
1,0,0.22539416624185796,-2.2372080865954205,0.47
1,0,1.6942182929141516,0.6601388746205964,0.47
1,1,1.510615277080115,1.3844756149246,0.47
1,0,-1.059826944596399,0.41869329451926146,0.46
1,1,-0.6926209129283255,-0.5470890258860771,0.46
1,0,-0.4172163891772705,-1.029980186088747,0.46
1,0,1.6942182929141516,-0.788534605987412,0.46
1,1,0.041791150407821255,-0.5470890258860771,0.46
1,0,0.40899718207589464,0.6601388746205964,0.46
1,0,-0.6926209129283255,-1.029980186088747,0.46
1,0,0.7762032137439681,-0.06419786568340728,0.46
1,0,0.3171956741588763,0.6601388746205964,0.45
1,0,0.7762032137439681,-2.2372080865954205,0.45
1,0,0.22539416624185796,0.17724771441792656,0.44
1,1,0.500798689992913,-1.5128713462914156,0.44
1,0,-0.8762239287623622,-0.06419786568340728,0.44
1,0,1.510615277080115,-0.5470890258860771,0.44
1,0,-0.7844224208453439,-0.788534605987412,0.43
1,0,-0.14181186542621546,-0.788534605987412,0.43
1,0,0.40899718207589464,1.1430300348232663,0.43
1,1,-0.8762239287623622,-0.06419786568340728,0.43
1,0,-0.5090178970942889,-1.2714257661900807,0.43
1,0,-0.6008194050113072,1.1430300348232663,0.43
1,0,1.6942182929141516,0.6601388746205964,0.43
1,0,0.9598062295780048,-0.788534605987412,0.43
1,0,0.22539416624185796,-0.06419786568340728,0.42
1,0,-1.2434299604304357,1.625921195025935,0.42
1,0,-0.5090178970942889,-1.2714257661900807,0.41
1,1,0.9598062295780048,1.3844756149246,0.41
1,1,-1.059826944596399,0.6601388746205964,0.41
1,0,0.22539416624185796,-0.3056434457847422,0.41
1,1,-0.14181186542621546,-1.7543169263927505,0.41
1,0,-0.7844224208453439,-1.5128713462914156,0.41
1,0,0.7762032137439681,1.3844756149246,0.4
1,0,2.061424324582225,0.41869329451926146,0.4
1,1,0.22539416624185796,-0.788534605987412,0.4
1,1,-0.8762239287623622,0.9015844547219313,0.4
1,1,-0.5090178970942889,-0.5470890258860771,0.4
1,1,-0.8762239287623622,0.41869329451926146,0.4
1,0,-0.5090178970942889,0.17724771441792656,0.39
1,1,-1.7942390079325459,1.625921195025935,0.39
1,0,0.40899718207589464,-1.2714257661900807,0.39
1,1,-0.6926209129283255,1.1430300348232663,0.38
1,0,-1.4821138810146834,-0.5470890258860771,0.38
1,0,0.9598062295780048,1.625921195025935,0.38
1,1,0.22539416624185796,0.17724771441792656,0.37
1,0,0.40899718207589464,-1.2714257661900807,0.37
1,0,0.22539416624185796,0.41869329451926146,0.37
1,1,-0.8762239287623622,0.6601388746205964,0.37
1,1,0.5926001979099313,-0.788534605987412,0.36
1,0,-1.2434299604304357,-0.3056434457847422,0.36
1,0,-0.14181186542621546,1.1430300348232663,0.36
1,0,-0.32541488126025214,0.9015844547219313,0.36
1,0,-1.1516284525134173,-0.5470890258860771,0.35
1,0,-0.32541488126025214,-0.788534605987412,0.35
1,1,0.22539416624185796,0.9015844547219313,0.35
1,0,0.041791150407821255,0.17724771441792656,0.35
1,0,0.7762032137439681,-1.5128713462914156,0.35
1,0,0.5926001979099313,-0.5470890258860771,0.35
1,1,1.8778213087481883,1.625921195025935,0.34
1,0,-0.5090178970942889,-1.2714257661900807,0.34
1,0,-0.6926209129283255,0.41869329451926146,0.33
1,0,0.40899718207589464,1.1430300348232663,0.33
1,0,-0.5090178970942889,-1.2714257661900807,0.33
1,1,0.22539416624185796,0.17724771441792656,0.33
1,0,-1.059826944596399,-0.5470890258860771,0.32
1,1,-1.059826944596399,-0.06419786568340728,0.32
1,0,0.22539416624185796,-0.3056434457847422,0.32
1,0,1.8778213087481883,0.41869329451926146,0.32
1,0,1.1434092454120415,0.41869329451926146,0.32
1,0,-1.555555087348298,-0.3056434457847422,0.32
1,1,0.40899718207589464,1.3844756149246,0.31
1,0,-0.32541488126025214,-1.029980186088747,0.31
1,1,-0.14181186542621546,-0.3056434457847422,0.31
1,1,-0.6008194050113072,0.9015844547219313,0.3
1,0,0.5926001979099313,-0.788534605987412,0.3
1,1,-1.2434299604304357,0.9015844547219313,0.3
1,0,1.3270122612460782,-0.5470890258860771,0.3
1,1,-0.14181186542621546,0.9015844547219313,0.3
1,1,0.041791150407821255,-1.029980186088747,0.3
1,1,-0.5090178970942889,-0.06419786568340728,0.3
1,1,-0.4172163891772705,-1.5128713462914156,0.3
1,0,0.041791150407821255,-0.5470890258860771,0.29
1,0,2.061424324582225,0.41869329451926146,0.29
1,1,0.1335926583248396,-1.5128713462914156,0.29
1,1,0.40899718207589464,1.1430300348232663,0.29
1,1,0.7762032137439681,-0.3056434457847422,0.29
1,0,0.40899718207589464,0.41869329451926146,0.29
1,1,0.5926001979099313,-0.3056434457847422,0.28
1,0,-0.14181186542621546,-0.06419786568340728,0.28
1,0,-2.400128960184867,-1.029980186088747,0.28
1,0,-0.8762239287623622,-1.5128713462914156,0.28
1,1,-0.32541488126025214,-0.06419786568340728,0.27
1,1,-0.32541488126025214,-0.788534605987412,0.27
1,1,0.40899718207589464,-0.788534605987412,0.27
1,0,0.7762032137439681,-0.06419786568340728,0.27
1,1,0.5926001979099313,-0.5470890258860771,0.27
1,0,0.041791150407821255,0.41869329451926146,0.27
1,1,0.5926001979099313,-0.3056434457847422,0.26
1,1,0.7762032137439681,-1.5128713462914156,0.26
1,0,0.9598062295780048,-0.788534605987412,0.26
1,0,-0.5090178970942889,1.3844756149246,0.26
1,0,0.041791150407821255,-0.3056434457847422,0.26
1,0,-0.0500103575091971,-0.06419786568340728,0.25
1,1,-1.1516284525134173,-0.3056434457847422,0.25
1,1,-0.32541488126025214,-0.3056434457847422,0.25
1,0,0.7762032137439681,0.6601388746205964,0.25
1,0,-1.5188344841814907,-0.5470890258860771,0.25
1,0,-0.5090178970942889,-1.7543169263927505,0.25
1,0,-0.8762239287623622,-0.788534605987412,0.24
1,1,-1.059826944596399,0.6601388746205964,0.24
1,1,-0.2336133733432338,-0.3056434457847422,0.24
1,0,0.22539416624185796,1.1430300348232663,0.24
1,0,0.5926001979099313,0.9015844547219313,0.24
1,0,0.041791150407821255,0.6601388746205964,0.23
1,1,0.041791150407821255,0.41869329451926146,0.23
1,1,-0.14181186542621546,1.8673667751272698,0.22
1,1,0.5926001979099313,-0.5470890258860771,0.22
1,1,0.22539416624185796,-0.06419786568340728,0.22
1,0,1.510615277080115,-1.029980186088747,0.22
1,0,0.5926001979099313,-0.3056434457847422,0.22
1,1,-0.14181186542621546,0.6601388746205964,0.22
1,0,1.3270122612460782,-1.2714257661900807,0.22
1,0,0.5926001979099313,0.9015844547219313,0.22
1,0,1.1434092454120415,1.8673667751272698,0.22
1,0,-0.5090178970942889,0.9015844547219313,0.22
1,1,0.9598062295780048,-0.3056434457847422,0.21
1,1,0.041791150407821255,-1.2714257661900807,0.21
1,1,1.510615277080115,0.9015844547219313,0.21
1,1,0.5926001979099313,1.1430300348232663,0.21
1,0,0.5926001979099313,-1.029980186088747,0.2
1,1,-0.5090178970942889,-0.3056434457847422,0.2
1,1,-1.4270329762644725,0.41869329451926146,0.2
1,0,0.40899718207589464,-0.06419786568340728,0.2
1,1,-0.4172163891772705,-0.3056434457847422,0.2
1,1,-0.14181186542621546,-0.788534605987412,0.19
1,0,-0.8762239287623622,-0.3056434457847422,0.19
1,1,-0.32541488126025214,-0.06419786568340728,0.19
1,0,-0.5090178970942889,-0.5470890258860771,0.19
1,0,0.041791150407821255,-0.3056434457847422,0.19
1,0,-0.5090178970942889,0.17724771441792656,0.19
1,0,1.1434092454120415,-0.3056434457847422,0.19
1,0,1.510615277080115,0.17724771441792656,0.19
1,0,-0.5090178970942889,-1.2714257661900807,0.19
1,0,-1.059826944596399,-2.4786536666967542,0.18
1,1,0.9598062295780048,-1.7543169263927505,0.18
1,1,-0.32541488126025214,-0.5470890258860771,0.18
1,0,-0.14181186542621546,-0.3056434457847422,0.18
1,1,-0.14181186542621546,1.1430300348232663,0.17
1,1,-0.5090178970942889,-0.3056434457847422,0.17
1,0,0.40899718207589464,0.17724771441792656,0.17
1,1,0.40899718207589464,0.17724771441792656,0.17
1,1,0.041791150407821255,0.9015844547219313,0.17
1,1,0.7762032137439681,0.41869329451926146,0.17
1,0,0.22539416624185796,-0.06419786568340728,0.17
1,1,0.9598062295780048,-0.5470890258860771,0.17
1,1,1.8778213087481883,0.17724771441792656,0.17
1,1,0.40899718207589464,-0.788534605987412,0.17
1,0,-0.14181186542621546,-0.06419786568340728,0.17
1,1,-1.1516284525134173,0.17724771441792656,0.16
1,0,1.510615277080115,-0.788534605987412,0.16
1,0,-0.5090178970942889,-2.4786536666967542,0.16
1,0,-0.5090178970942889,1.3844756149246,0.16
1,1,-0.14181186542621546,0.6601388746205964,0.16
1,0,-1.4270329762644725,-0.5470890258860771,0.16
1,0,0.40899718207589464,-0.06419786568340728,0.15
1,0,0.041791150407821255,0.6601388746205964,0.15
1,0,0.041791150407821255,-2.2372080865954205,0.15
1,1,0.041791150407821255,-0.06419786568340728,0.15
1,0,0.7762032137439681,1.8673667751272698,0.15
1,0,-0.14181186542621546,-0.3056434457847422,0.15
1,0,0.041791150407821255,-0.3056434457847422,0.15
1,0,-0.14181186542621546,-1.5128713462914156,0.15
1,0,0.041791150407821255,-0.788534605987412,0.15
1,1,1.1434092454120415,0.6601388746205964,0.15
1,1,-0.6926209129283255,0.6601388746205964,0.14
1,1,-0.5090178970942889,0.17724771441792656,0.14
1,1,-0.32541488126025214,-1.029980186088747,0.14
1,1,-0.14181186542621546,1.3844756149246,0.14
1,1,0.9598062295780048,0.17724771441792656,0.14
1,1,-1.059826944596399,-2.7200992467980893,0.14
1,1,-0.8762239287623622,-1.029980186088747,0.14
1,0,0.041791150407821255,-1.2714257661900807,0.14
1,0,-0.6926209129283255,-2.2372080865954205,0.14
1,1,-1.059826944596399,1.3844756149246,0.14
1,1,-0.5090178970942889,-0.06419786568340728,0.14
1,0,0.5926001979099313,1.625921195025935,0.14
1,0,0.9598062295780048,0.6601388746205964,0.13
1,0,-0.14181186542621546,-1.7543169263927505,0.13
1,0,0.7762032137439681,1.1430300348232663,0.13
1,1,1.1434092454120415,0.17724771441792656,0.12
1,0,0.7762032137439681,-2.2372080865954205,0.12
1,0,-0.32541488126025214,0.6601388746205964,0.12
1,1,-1.059826944596399,1.625921195025935,0.12
1,1,0.7762032137439681,0.6601388746205964,0.12
1,0,0.22539416624185796,-1.2714257661900807,0.12
1,0,-1.6106359920985092,0.41869329451926146,0.12
1,0,0.40899718207589464,0.17724771441792656,0.12
1,1,0.7762032137439681,0.41869329451926146,0.12
1,0,0.041791150407821255,-2.4786536666967542,0.12
1,0,0.041791150407821255,0.6601388746205964,0.12
1,1,0.9598062295780048,0.17724771441792656,0.12
1,1,-1.9778420237665826,-0.5470890258860771,0.12
1,0,0.40899718207589464,-1.029980186088747,0.11
1,1,0.5926001979099313,-1.2714257661900807,0.11
1,0,-1.2434299604304357,0.6601388746205964,0.11
1,1,0.9598062295780048,1.8673667751272698,0.11
1,1,-0.5090178970942889,1.3844756149246,0.11
1,0,0.041791150407821255,-0.5470890258860771,0.11
1,1,0.22539416624185796,1.1430300348232663,0.1
1,1,-0.5090178970942889,0.6601388746205964,0.1
1,1,-0.8762239287623622,0.17724771441792656,0.1
1,0,0.40899718207589464,-1.029980186088747,0.1
1,0,0.5926001979099313,1.3844756149246,0.1
1,0,-2.106364134850408,-0.3056434457847422,0.09
1,0,-0.4172163891772705,0.41869329451926146,0.09
1,1,-0.14181186542621546,-1.5128713462914156,0.09
1,1,-0.14181186542621546,0.9015844547219313,0.09
1,1,0.5926001979099313,1.1430300348232663,0.09
1,0,1.1434092454120415,-0.788534605987412,0.09
1,1,0.5926001979099313,0.9015844547219313,0.09
1,0,0.7762032137439681,1.8673667751272698,0.09
1,1,-0.14181186542621546,-1.029980186088747,0.08
1,0,-1.059826944596399,-0.3056434457847422,0.08
1,1,0.5926001979099313,-0.06419786568340728,0.07
1,0,0.6844017058269497,-0.5470890258860771,0.07
1,1,-0.14181186542621546,-1.9957625064940856,0.07
1,0,-0.5090178970942889,-2.7200992467980893,0.07
1,1,0.40899718207589464,-0.5470890258860771,0.07
1,0,1.051607737495023,1.1430300348232663,0.07
1,0,1.6942182929141516,-1.029980186088747,0.06
1,1,-0.14181186542621546,0.17724771441792656,0.06
1,1,0.9598062295780048,1.625921195025935,0.06
1,1,-0.6926209129283255,1.625921195025935,0.06
1,0,1.1434092454120415,0.6601388746205964,0.06
1,0,-0.5090178970942889,0.6601388746205964,0.06
1,0,0.041791150407821255,-1.5128713462914156,0.06
1,0,1.1434092454120415,-1.7543169263927505,0.05
1,0,-0.8211430240121518,-0.3056434457847422,0.05
1,1,-0.8762239287623622,1.3844756149246,0.05
1,1,-0.14181186542621546,0.41869329451926146,0.05
1,1,0.041791150407821255,-1.2714257661900807,0.05
1,0,-0.6926209129283255,0.6601388746205964,0.05
1,1,-0.6008194050113072,-0.3056434457847422,0.05
1,0,-0.5090178970942889,0.6601388746205964,0.05
1,0,0.9598062295780048,0.17724771441792656,0.05
1,1,-0.8762239287623622,0.6601388746205964,0.05
1,1,0.22539416624185796,-0.3056434457847422,0.04
1,1,0.5926001979099313,-0.5470890258860771,0.04
1,0,-1.335231468347454,-0.5470890258860771,0.04
1,0,0.041791150407821255,-0.06419786568340728,0.04
1,0,0.22539416624185796,-2.2372080865954205,0.04
1,0,-0.6926209129283255,0.41869329451926146,0.03
1,0,-0.6926209129283255,-1.2714257661900807,0.03
1,0,-1.2434299604304357,-1.9957625064940856,0.03
1,1,-1.11490784934661,1.1430300348232663,0.03
1,1,0.22539416624185796,-0.788534605987412,0.03
1,0,-1.2434299604304357,-0.06419786568340728,0.03
1,1,-0.5090178970942889,0.17724771441792656,0.02
1,0,-0.5090178970942889,-0.06419786568340728,0.02
1,1,0.40899718207589464,-0.3056434457847422,0.02
1,0,0.9598062295780048,0.9015844547219313,0.02
1,0,0.5926001979099313,0.41869329451926146,0.02
1,0,-0.32541488126025214,-0.5470890258860771,0.02
1,1,-0.4172163891772705,-0.5470890258860771,0.01
1,0,0.5926001979099313,0.41869329451926146,0.01
1,1,-2.3450480554346558,0.9015844547219313,0.01
1,0,0.9598062295780048,0.41869329451926146,0.01
1,0,-1.6106359920985092,0.17724771441792656,0.01
1,1,1.1434092454120415,0.9015844547219313,0.01
1,0,-1.6106359920985092,1.1430300348232663,0.0
1,1,0.041791150407821255,-0.788534605987412,0.0
1,0,1.3270122612460782,-0.3056434457847422,0.0
1,1,-0.2336133733432338,-0.788534605987412,0.0
1,0,0.7762032137439681,-1.029980186088747,-0.01
1,0,0.041791150407821255,-0.3056434457847422,-0.01
1,0,0.9598062295780048,1.3844756149246,-0.01
1,1,-0.5090178970942889,-0.3056434457847422,-0.01
1,1,-0.7844224208453439,0.6601388746205964,-0.01
1,1,-1.2434299604304357,-1.2714257661900807,-0.01
1,1,-0.5090178970942889,0.17724771441792656,-0.02
1,0,0.22539416624185796,-0.5470890258860771,-0.02
1,1,0.22539416624185796,0.17724771441792656,-0.02
1,1,-0.14181186542621546,0.9015844547219313,-0.02
1,1,-0.5090178970942889,0.17724771441792656,-0.02
1,0,-0.14181186542621546,0.41869329451926146,-0.02
1,0,0.041791150407821255,0.17724771441792656,-0.03
1,1,-2.3450480554346558,-0.3056434457847422,-0.03
1,0,-0.14181186542621546,-0.5470890258860771,-0.03
1,1,0.3171956741588763,1.8673667751272698,-0.03
1,1,-0.4172163891772705,0.9015844547219313,-0.03
1,1,-0.5090178970942889,-0.788534605987412,-0.03
1,1,-1.059826944596399,-0.788534605987412,-0.03
1,1,-1.2434299604304357,-0.3056434457847422,-0.03
1,0,-0.0500103575091971,-0.788534605987412,-0.03
1,0,2.061424324582225,1.1430300348232663,-0.04
1,0,0.5926001979099313,-1.5128713462914156,-0.04
1,1,0.041791150407821255,-2.2372080865954205,-0.04
1,0,0.7762032137439681,0.6601388746205964,-0.04
1,1,-0.6926209129283255,-0.3056434457847422,-0.04
1,1,0.22539416624185796,-0.3056434457847422,-0.04
1,1,-1.6106359920985092,-1.9957625064940856,-0.04
1,1,-0.32541488126025214,0.17724771441792656,-0.04
1,1,0.5926001979099313,0.41869329451926146,-0.05
1,1,0.7762032137439681,1.1430300348232663,-0.05
1,0,-0.5090178970942889,-1.9957625064940856,-0.05
1,1,1.1434092454120415,-0.3056434457847422,-0.05
1,1,0.9598062295780048,1.1430300348232663,-0.05
1,1,-0.14181186542621546,-1.7543169263927505,-0.05
1,0,0.041791150407821255,1.1430300348232663,-0.05
1,1,0.7762032137439681,-0.5470890258860771,-0.06
1,1,0.041791150407821255,-0.06419786568340728,-0.06
1,0,0.5926001979099313,-1.5128713462914156,-0.06
1,1,0.22539416624185796,0.6601388746205964,-0.06
1,0,0.22539416624185796,0.41869329451926146,-0.06
1,1,-0.8762239287623622,-0.06419786568340728,-0.06
1,1,0.7762032137439681,-1.5128713462914156,-0.06
1,1,0.7762032137439681,0.9015844547219313,-0.06
1,0,-0.14181186542621546,1.1430300348232663,-0.06
1,0,0.40899718207589464,-0.3056434457847422,-0.06
1,0,0.7762032137439681,0.17724771441792656,-0.07
1,1,1.6942182929141516,0.9015844547219313,-0.07
1,0,0.7762032137439681,0.41869329451926146,-0.07
1,1,-2.3450480554346558,0.6601388746205964,-0.08
1,1,-0.8762239287623622,1.1430300348232663,-0.08
1,1,1.3270122612460782,0.17724771441792656,-0.08
1,1,-0.6926209129283255,0.6601388746205964,-0.08
1,0,-2.1614450396006193,-1.5128713462914156,-0.08
1,0,0.9598062295780048,-1.5128713462914156,-0.08
1,0,-0.8762239287623622,-0.06419786568340728,-0.08
1,1,-1.4270329762644725,0.6601388746205964,-0.08
1,0,0.7762032137439681,1.3844756149246,-0.08
1,1,-0.5090178970942889,-0.3056434457847422,-0.08
1,1,-2.1614450396006193,0.17724771441792656,-0.09
1,1,-1.6106359920985092,-1.5128713462914156,-0.09
1,1,1.8778213087481883,0.41869329451926146,-0.09
1,1,0.5926001979099313,0.9015844547219313,-0.09
1,0,-0.32541488126025214,0.17724771441792656,-0.09
1,1,0.041791150407821255,0.17724771441792656,-0.1
1,1,-2.895857102936766,-2.7200992467980893,-0.1
1,0,0.041791150407821255,-1.029980186088747,-0.1
1,0,0.9598062295780048,0.17724771441792656,-0.1
1,1,0.40899718207589464,-0.3056434457847422,-0.1
1,0,0.40899718207589464,-1.9957625064940856,-0.1
1,0,-1.059826944596399,1.625921195025935,-0.1
1,0,0.22539416624185796,0.17724771441792656,-0.1
1,0,-2.5286510712686927,0.17724771441792656,-0.1
1,0,0.22539416624185796,-1.5128713462914156,-0.1
1,0,-0.5090178970942889,-1.7543169263927505,-0.1
1,1,0.40899718207589464,0.6601388746205964,-0.1
1,0,-0.5090178970942889,-1.9957625064940856,-0.1
1,1,0.40899718207589464,0.9015844547219313,-0.11
1,1,-0.5090178970942889,-2.4786536666967542,-0.11
1,0,1.3270122612460782,-0.06419786568340728,-0.11
1,1,-0.5090178970942889,-1.029980186088747,-0.11
1,0,-0.4172163891772705,-0.06419786568340728,-0.12
1,1,0.9598062295780048,-0.3056434457847422,-0.12
1,0,1.6942182929141516,-0.06419786568340728,-0.12
1,0,-0.5090178970942889,-1.029980186088747,-0.12
1,1,-1.4270329762644725,0.17724771441792656,-0.12
1,0,0.9598062295780048,-0.788534605987412,-0.13
1,1,1.510615277080115,0.6601388746205964,-0.13
1,0,0.5926001979099313,-0.788534605987412,-0.13
1,1,-0.8762239287623622,0.6601388746205964,-0.13
1,1,0.40899718207589464,-0.3056434457847422,-0.13
1,1,-0.2336133733432338,0.6601388746205964,-0.13
1,1,-0.5090178970942889,-1.029980186088747,-0.13
1,1,-0.14181186542621546,0.6601388746205964,-0.13
1,0,-2.3450480554346558,-1.5128713462914156,-0.14
1,0,-0.6926209129283255,1.1430300348232663,-0.14
1,0,0.7762032137439681,-0.3056434457847422,-0.14
1,1,-0.6926209129283255,0.17724771441792656,-0.14
1,1,0.041791150407821255,-2.2372080865954205,-0.14
1,1,-0.2336133733432338,-0.5470890258860771,-0.14
1,1,0.9598062295780048,1.625921195025935,-0.14
1,1,1.1434092454120415,1.3844756149246,-0.15
1,1,0.22539416624185796,-0.3056434457847422,-0.15
1,0,-0.9680254366793806,-1.029980186088747,-0.15
1,1,-0.14181186542621546,1.1430300348232663,-0.15
1,0,0.7762032137439681,1.625921195025935,-0.15
1,1,2.061424324582225,1.1430300348232663,-0.15
1,1,-0.6926209129283255,0.41869329451926146,-0.15
1,0,0.041791150407821255,-1.5128713462914156,-0.16
1,0,-0.4172163891772705,-1.2714257661900807,-0.16
1,0,-0.14181186542621546,0.6601388746205964,-0.16
1,0,0.40899718207589464,0.6601388746205964,-0.16
1,0,-0.5090178970942889,-1.7543169263927505,-0.16
1,0,0.40899718207589464,-0.788534605987412,-0.16
1,1,-2.712254087102729,0.17724771441792656,-0.16
1,1,-0.5090178970942889,0.6601388746205964,-0.16
1,0,0.40899718207589464,-0.3056434457847422,-0.16
1,0,-0.14181186542621546,0.17724771441792656,-0.16
1,1,0.9598062295780048,-0.788534605987412,-0.16
1,0,-1.059826944596399,-0.788534605987412,-0.16
1,0,-0.5090178970942889,0.17724771441792656,-0.17
1,0,-0.6926209129283255,-0.5470890258860771,-0.17
1,1,-0.14181186542621546,0.17724771441792656,-0.17
1,0,0.7762032137439681,-0.06419786568340728,-0.17
1,1,-1.7942390079325459,-1.2714257661900807,-0.17
1,0,-0.14181186542621546,-1.029980186088747,-0.17
1,0,0.9598062295780048,1.1430300348232663,-0.17
1,0,1.6942182929141516,0.6601388746205964,-0.17
1,0,-1.4270329762644725,0.41869329451926146,-0.17
1,0,-0.5090178970942889,-2.2372080865954205,-0.17
1,1,-0.7844224208453439,-1.2714257661900807,-0.17
1,0,1.8778213087481883,-0.5470890258860771,-0.18
1,0,-0.5090178970942889,-0.3056434457847422,-0.18
1,0,-1.2434299604304357,-0.5470890258860771,-0.18
1,1,-0.32541488126025214,-0.5470890258860771,-0.18
1,1,-0.32541488126025214,0.17724771441792656,-0.18
1,0,1.6942182929141516,0.6601388746205964,-0.18
1,0,-1.335231468347454,-0.3056434457847422,-0.18
1,1,0.40899718207589464,0.41869329451926146,-0.18
1,1,1.510615277080115,0.41869329451926146,-0.18
1,0,1.6942182929141516,1.1430300348232663,-0.18
1,0,-1.059826944596399,-0.3056434457847422,-0.19
1,0,0.22539416624185796,0.9015844547219313,-0.19
1,0,-0.14181186542621546,-0.3056434457847422,-0.19
1,1,2.061424324582225,0.6601388746205964,-0.19
1,1,0.22539416624185796,1.1430300348232663,-0.19
1,0,-0.6926209129283255,0.41869329451926146,-0.2
1,0,0.40899718207589464,0.9015844547219313,-0.2
1,1,0.5926001979099313,-1.029980186088747,-0.2
1,1,-0.6926209129283255,1.1430300348232663,-0.2
1,0,0.22539416624185796,0.6601388746205964,-0.2
1,0,-1.059826944596399,-1.2714257661900807,-0.2
1,0,-1.2985108651806467,-0.3056434457847422,-0.2
1,1,-0.14181186542621546,0.17724771441792656,-0.2
1,0,-0.32541488126025214,-0.788534605987412,-0.2
1,1,-0.5090178970942889,-0.788534605987412,-0.2
1,0,0.7762032137439681,-0.3056434457847422,-0.2
1,0,0.7762032137439681,1.1430300348232663,-0.21
1,1,0.041791150407821255,0.17724771441792656,-0.21
1,0,-0.0500103575091971,-0.06419786568340728,-0.21
1,0,-0.14181186542621546,-0.3056434457847422,-0.21
1,0,0.22539416624185796,0.9015844547219313,-0.21
1,0,-0.8762239287623622,-1.029980186088747,-0.21
1,0,0.9598062295780048,0.9015844547219313,-0.21
1,0,0.5926001979099313,1.1430300348232663,-0.22
1,0,-0.6008194050113072,0.17724771441792656,-0.22
1,0,-0.8762239287623622,-1.2714257661900807,-0.22
1,1,0.9598062295780048,1.3844756149246,-0.22
1,0,0.5926001979099313,0.41869329451926146,-0.22
1,0,0.40899718207589464,1.1430300348232663,-0.22
1,1,0.40899718207589464,-1.2714257661900807,-0.22
1,0,0.40899718207589464,-1.7543169263927505,-0.23
1,0,1.1434092454120415,-0.5470890258860771,-0.23
1,1,-0.6008194050113072,-0.3056434457847422,-0.24
1,0,1.3270122612460782,1.625921195025935,-0.24
1,0,1.3270122612460782,-0.06419786568340728,-0.24
1,0,-1.3719520715142612,-1.2714257661900807,-0.24
1,1,0.7762032137439681,1.3844756149246,-0.24
1,0,-0.32541488126025214,1.1430300348232663,-0.24
1,0,-1.2434299604304357,-0.3056434457847422,-0.24
1,0,-0.8762239287623622,-1.2714257661900807,-0.24
1,1,-1.2434299604304357,-1.7543169263927505,-0.24
1,1,0.9598062295780048,-0.3056434457847422,-0.24
1,0,0.5926001979099313,-0.06419786568340728,-0.24
1,1,-0.4172163891772705,-1.029980186088747,-0.24
1,0,-0.32541488126025214,-0.788534605987412,-0.24
1,1,-0.6926209129283255,-0.06419786568340728,-0.24
1,0,-1.5188344841814907,-1.5128713462914156,-0.24
1,1,-0.5090178970942889,-0.3056434457847422,-0.24
1,0,0.7762032137439681,0.41869329451926146,-0.24
1,0,0.5926001979099313,0.17724771441792656,-0.24
1,0,0.22539416624185796,-0.3056434457847422,-0.25
1,0,0.7762032137439681,-0.06419786568340728,-0.25
1,0,0.22539416624185796,0.41869329451926146,-0.25
1,0,1.1434092454120415,1.625921195025935,-0.26
1,1,0.5926001979099313,0.41869329451926146,-0.26
1,0,0.22539416624185796,-0.5470890258860771,-0.26
1,0,-1.335231468347454,0.9015844547219313,-0.26
1,1,-0.8762239287623622,0.17724771441792656,-0.26
1,0,1.3270122612460782,0.6601388746205964,-0.26
1,0,-0.14181186542621546,0.41869329451926146,-0.26
1,1,-0.5090178970942889,0.41869329451926146,-0.27
1,0,-0.8762239287623622,-0.06419786568340728,-0.27
1,1,-0.2336133733432338,0.17724771441792656,-0.28
1,1,-0.6926209129283255,-1.5128713462914156,-0.28
1,0,-1.2434299604304357,0.17724771441792656,-0.28
1,0,-0.5090178970942889,0.9015844547219313,-0.28
1,0,1.1434092454120415,-0.06419786568340728,-0.28
1,1,-1.9778420237665826,-0.06419786568340728,-0.28
1,1,-0.14181186542621546,1.8673667751272698,-0.28
1,1,-0.6926209129283255,-1.029980186088747,-0.28
1,0,0.5926001979099313,-0.06419786568340728,-0.28
1,0,-0.9313048335125734,-2.7200992467980893,-0.28
1,1,0.7762032137439681,-0.06419786568340728,-0.29
1,0,0.9598062295780048,-0.3056434457847422,-0.29
1,0,1.510615277080115,0.6601388746205964,-0.29
1,1,-2.5286510712686927,1.8673667751272698,-0.29
1,1,1.510615277080115,1.3844756149246,-0.29
1,0,1.6942182929141516,0.17724771441792656,-0.29
1,1,1.3270122612460782,0.9015844547219313,-0.3
1,0,0.22539416624185796,0.41869329451926146,-0.3
1,0,-1.059826944596399,-0.06419786568340728,-0.3
1,0,0.041791150407821255,-0.5470890258860771,-0.3
1,0,0.40899718207589464,1.1430300348232663,-0.31
1,1,0.041791150407821255,0.9015844547219313,-0.31
1,0,0.041791150407821255,-0.788534605987412,-0.31
1,1,-0.0500103575091971,0.9015844547219313,-0.31
1,0,-1.2434299604304357,-0.788534605987412,-0.31
1,1,-1.8860405158495641,0.6601388746205964,-0.32
1,0,-0.14181186542621546,-2.2372080865954205,-0.32
1,0,0.041791150407821255,-2.2372080865954205,-0.32
1,0,0.041791150407821255,-1.5128713462914156,-0.32
1,0,0.041791150407821255,-0.5470890258860771,-0.32
1,1,-0.32541488126025214,0.17724771441792656,-0.32
1,1,0.40899718207589464,0.17724771441792656,-0.32
1,0,0.041791150407821255,-0.06419786568340728,-0.32
1,0,0.5926001979099313,0.41869329451926146,-0.32
1,1,-1.4270329762644725,-0.5470890258860771,-0.32
1,1,-1.1516284525134173,1.1430300348232663,-0.33
1,0,-0.6926209129283255,-1.2714257661900807,-0.33
1,1,0.041791150407821255,-1.9957625064940856,-0.33
1,1,-1.059826944596399,-0.06419786568340728,-0.34
1,1,0.041791150407821255,0.17724771441792656,-0.34
1,1,-0.5090178970942889,-1.029980186088747,-0.35
1,0,0.041791150407821255,0.6601388746205964,-0.35
1,1,0.9598062295780048,-1.029980186088747,-0.35
1,1,0.5926001979099313,1.8673667751272698,-0.35
1,0,0.5926001979099313,-0.06419786568340728,-0.36
1,1,0.22539416624185796,0.41869329451926146,-0.36
1,1,-1.4270329762644725,0.41869329451926146,-0.36
1,0,0.22539416624185796,0.9015844547219313,-0.36
1,1,-0.6926209129283255,0.17724771441792656,-0.36
1,1,-0.9680254366793806,0.9015844547219313,-0.37
1,0,0.40899718207589464,-1.029980186088747,-0.37
1,0,-1.335231468347454,0.41869329451926146,-0.37
1,0,0.041791150407821255,-0.788534605987412,-0.37
1,0,0.7762032137439681,-0.788534605987412,-0.37
1,1,-0.32541488126025214,-1.5128713462914156,-0.37
1,0,0.22539416624185796,-1.5128713462914156,-0.37
1,0,0.9598062295780048,-1.2714257661900807,-0.38
1,1,-0.32541488126025214,-0.3056434457847422,-0.38
1,0,-0.32541488126025214,1.1430300348232663,-0.38
1,1,-0.8762239287623622,-1.029980186088747,-0.38
1,1,1.1434092454120415,1.625921195025935,-0.38
1,1,0.500798689992913,0.9015844547219313,-0.38
1,1,0.9598062295780048,1.1430300348232663,-0.38
1,1,-0.6926209129283255,-0.5470890258860771,-0.39
1,1,1.1434092454120415,-0.3056434457847422,-0.39
1,0,0.40899718207589464,1.3844756149246,-0.39
1,1,0.22539416624185796,-0.3056434457847422,-0.39
1,0,1.510615277080115,1.1430300348232663,-0.39
1,1,-1.5188344841814907,-0.3056434457847422,-0.39
1,1,-0.5090178970942889,-0.3056434457847422,-0.39
1,0,0.7762032137439681,-0.788534605987412,-0.39
1,0,-0.2336133733432338,1.1430300348232663,-0.4
1,1,-1.9778420237665826,0.41869329451926146,-0.4
1,0,-0.14181186542621546,-1.029980186088747,-0.4
1,0,-2.895857102936766,-0.788534605987412,-0.4
1,1,0.9598062295780048,-0.3056434457847422,-0.4
1,0,1.3270122612460782,-0.3056434457847422,-0.4
1,1,0.40899718207589464,1.1430300348232663,-0.4
1,1,0.9598062295780048,0.17724771441792656,-0.4
1,0,-0.7844224208453439,-1.029980186088747,-0.41
1,0,0.9598062295780048,-0.3056434457847422,-0.41
1,1,0.40899718207589464,0.6601388746205964,-0.41
1,0,0.5926001979099313,0.9015844547219313,-0.41
1,1,-1.1516284525134173,0.41869329451926146,-0.41
1,0,-0.32541488126025214,-0.788534605987412,-0.41
1,1,0.9598062295780048,0.17724771441792656,-0.41
1,0,0.9598062295780048,-0.5470890258860771,-0.42
1,0,-0.8762239287623622,-1.2714257661900807,-0.42
1,0,0.7762032137439681,-1.2714257661900807,-0.42
1,1,-1.6106359920985092,0.6601388746205964,-0.42
1,1,0.041791150407821255,-0.06419786568340728,-0.42
1,0,-0.32541488126025214,0.6601388746205964,-0.42
1,0,0.5926001979099313,0.41869329451926146,-0.43
1,1,-1.2434299604304357,-0.3056434457847422,-0.43
1,1,-0.32541488126025214,-0.06419786568340728,-0.43
1,1,-1.2434299604304357,-0.788534605987412,-0.43
1,1,-0.6926209129283255,0.6601388746205964,-0.43
1,0,0.041791150407821255,0.17724771441792656,-0.43
1,1,0.9598062295780048,0.6601388746205964,-0.43
1,1,0.5926001979099313,1.1430300348232663,-0.43
1,0,0.40899718207589464,-0.06419786568340728,-0.43
1,0,0.22539416624185796,1.625921195025935,-0.43
1,1,-0.14181186542621546,0.41869329451926146,-0.44
1,1,-1.4270329762644725,1.625921195025935,-0.44
1,1,-0.6926209129283255,-0.788534605987412,-0.44
1,1,-0.5090178970942889,0.6601388746205964,-0.44
1,1,-0.6926209129283255,-0.06419786568340728,-0.44
1,1,-0.6926209129283255,1.1430300348232663,-0.44
1,0,0.40899718207589464,-0.06419786568340728,-0.44
1,1,0.40899718207589464,0.6601388746205964,-0.44
1,1,-0.7844224208453439,1.3844756149246,-0.44
1,1,-3.630269166272913,0.17724771441792656,-0.44
1,0,-1.4270329762644725,0.17724771441792656,-0.44
1,0,-1.6106359920985092,-0.3056434457847422,-0.44
1,0,-0.9680254366793806,-1.7543169263927505,-0.44
1,0,0.9598062295780048,0.9015844547219313,-0.45
1,1,-1.1883490556802245,-1.029980186088747,-0.45
1,1,0.041791150407821255,-0.788534605987412,-0.46
1,1,-0.6926209129283255,-0.3056434457847422,-0.46
1,1,0.1335926583248396,-0.5470890258860771,-0.46
1,0,0.9598062295780048,-0.06419786568340728,-0.46
1,0,1.3270122612460782,0.9015844547219313,-0.46
1,0,-2.712254087102729,-1.7543169263927505,-0.47
1,1,1.1434092454120415,1.8673667751272698,-0.47
1,1,-0.8762239287623622,-0.06419786568340728,-0.47
1,1,-0.5090178970942889,0.17724771441792656,-0.47
1,1,-0.14181186542621546,1.1430300348232663,-0.47
1,1,1.3270122612460782,0.6601388746205964,-0.48
1,1,0.041791150407821255,1.3844756149246,-0.48
1,0,-1.2434299604304357,-0.06419786568340728,-0.48
1,0,0.5926001979099313,0.17724771441792656,-0.48
1,0,-1.6106359920985092,-0.3056434457847422,-0.48
1,1,-1.7942390079325459,-1.2714257661900807,-0.48
1,1,-1.7024375000155274,0.17724771441792656,-0.48
1,1,0.9598062295780048,-0.06419786568340728,-0.49
1,0,0.9598062295780048,1.625921195025935,-0.49
1,1,-0.8762239287623622,-0.06419786568340728,-0.49
1,0,0.40899718207589464,0.9015844547219313,-0.49
1,0,-0.32541488126025214,-0.3056434457847422,-0.49
1,1,-1.2434299604304357,1.625921195025935,-0.49
1,1,0.041791150407821255,-0.3056434457847422,-0.5
1,0,-0.14181186542621546,-0.5470890258860771,-0.5
1,1,0.9598062295780048,1.1430300348232663,-0.5
1,1,-0.5090178970942889,-0.5470890258860771,-0.5
1,1,0.041791150407821255,0.41869329451926146,-0.51
1,1,0.041791150407821255,-0.06419786568340728,-0.51
1,1,1.6942182929141516,0.17724771441792656,-0.51
1,1,0.041791150407821255,0.41869329451926146,-0.51
1,1,-1.2434299604304357,-1.029980186088747,-0.51
1,0,-0.6926209129283255,-0.06419786568340728,-0.51
1,1,-0.7844224208453439,-2.2372080865954205,-0.51
1,1,1.3270122612460782,0.6601388746205964,-0.52
1,0,0.9598062295780048,-0.06419786568340728,-0.52
1,1,-1.2434299604304357,-1.2714257661900807,-0.52
1,1,-1.4270329762644725,0.41869329451926146,-0.52
1,0,-1.335231468347454,-0.5470890258860771,-0.52
1,1,-0.5090178970942889,-0.5470890258860771,-0.52
1,1,1.3270122612460782,0.6601388746205964,-0.52
1,1,-0.32541488126025214,0.17724771441792656,-0.52
1,0,0.041791150407821255,-2.2372080865954205,-0.52
1,0,-0.9680254366793806,-0.5470890258860771,-0.52
1,0,-0.7844224208453439,-0.06419786568340728,-0.53
1,0,0.40899718207589464,-0.5470890258860771,-0.53
1,0,1.1434092454120415,1.1430300348232663,-0.53
1,0,-1.059826944596399,0.6601388746205964,-0.53
1,1,-0.38049578601046263,-1.2714257661900807,-0.53
1,0,1.510615277080115,0.6601388746205964,-0.53
1,1,-0.14181186542621546,0.17724771441792656,-0.53
1,1,-0.0500103575091971,-0.3056434457847422,-0.53
1,1,0.22539416624185796,0.41869329451926146,-0.53
1,0,1.6942182929141516,0.6601388746205964,-0.53
1,0,-1.2434299604304357,-0.788534605987412,-0.54
1,1,-0.5090178970942889,0.41869329451926146,-0.54
1,1,-3.0794601187708026,-1.2714257661900807,-0.54
1,1,0.5926001979099313,1.3844756149246,-0.54
1,1,-1.6106359920985092,0.41869329451926146,-0.54
1,0,-0.14181186542621546,-0.3056434457847422,-0.54
1,0,-0.32541488126025214,-1.7543169263927505,-0.55
1,0,0.22539416624185796,0.6601388746205964,-0.55
1,0,0.22539416624185796,-0.5470890258860771,-0.55
1,1,-0.32541488126025214,-0.5470890258860771,-0.55
1,0,-0.14181186542621546,-1.5128713462914156,-0.55
1,1,-0.32541488126025214,-1.029980186088747,-0.55
1,0,-0.6926209129283255,0.6601388746205964,-0.55
1,1,1.6942182929141516,-0.3056434457847422,-0.55
1,0,1.510615277080115,-2.7200992467980893,-0.55
1,0,0.40899718207589464,-0.5470890258860771,-0.56
1,1,0.041791150407821255,0.9015844547219313,-0.56
1,0,-0.14181186542621546,-0.06419786568340728,-0.56
1,0,-1.059826944596399,-1.2714257661900807,-0.56
1,0,0.7762032137439681,-1.2714257661900807,-0.56
1,1,-1.6106359920985092,0.17724771441792656,-0.56
1,1,0.40899718207589464,-0.5470890258860771,-0.56
1,0,-1.059826944596399,-0.788534605987412,-0.56
1,0,-1.059826944596399,-0.3056434457847422,-0.57
1,1,0.40899718207589464,-1.029980186088747,-0.57
1,1,-0.32541488126025214,-1.2714257661900807,-0.57
1,0,1.8778213087481883,-1.029980186088747,-0.58
1,0,-0.14181186542621546,0.41869329451926146,-0.58
1,1,-0.32541488126025214,-2.4786536666967542,-0.58
1,0,-1.11490784934661,-0.788534605987412,-0.58
1,1,-0.14181186542621546,0.9015844547219313,-0.58
1,1,0.22539416624185796,-0.3056434457847422,-0.59
1,1,0.7762032137439681,-1.9957625064940856,-0.59
1,1,0.40899718207589464,0.17724771441792656,-0.59
1,1,-1.2434299604304357,0.41869329451926146,-0.59
1,1,0.22539416624185796,-0.06419786568340728,-0.59
1,1,-0.6926209129283255,0.41869329451926146,-0.6
1,1,-0.32541488126025214,-1.2714257661900807,-0.6
1,0,-1.059826944596399,-0.06419786568340728,-0.6
1,1,0.22539416624185796,0.6601388746205964,-0.6
1,1,0.041791150407821255,1.3844756149246,-0.6
1,1,-0.5090178970942889,1.3844756149246,-0.6
1,1,-0.14181186542621546,0.6601388746205964,-0.6
1,0,-0.5090178970942889,-0.3056434457847422,-0.6
1,0,-0.6926209129283255,-0.788534605987412,-0.6
1,1,0.7762032137439681,0.41869329451926146,-0.6
1,1,0.041791150407821255,0.17724771441792656,-0.6
1,0,0.7762032137439681,0.6601388746205964,-0.6
1,0,0.041791150407821255,-0.5470890258860771,-0.61
1,0,0.40899718207589464,1.625921195025935,-0.61
1,0,-0.8762239287623622,-1.9957625064940856,-0.61
1,1,0.7762032137439681,-0.788534605987412,-0.61
1,1,-0.8762239287623622,0.9015844547219313,-0.61
1,1,0.7762032137439681,1.1430300348232663,-0.61
1,1,-0.14181186542621546,-1.2714257661900807,-0.62
1,1,-1.4270329762644725,1.3844756149246,-0.62
1,0,-1.7942390079325459,0.41869329451926146,-0.62
1,1,0.40899718207589464,0.17724771441792656,-0.62
1,1,0.9598062295780048,-0.5470890258860771,-0.62
1,0,0.22539416624185796,-0.06419786568340728,-0.62
1,0,-0.32541488126025214,-0.5470890258860771,-0.62
1,1,-1.6106359920985092,1.1430300348232663,-0.62
1,0,0.1335926583248396,-0.3056434457847422,-0.62
1,0,-0.5090178970942889,0.9015844547219313,-0.63
1,1,-1.335231468347454,-0.06419786568340728,-0.63
1,0,0.22539416624185796,-0.3056434457847422,-0.63
1,1,-1.1516284525134173,-0.3056434457847422,-0.64
1,0,0.22539416624185796,0.41869329451926146,-0.64
1,1,0.041791150407821255,-0.06419786568340728,-0.64
1,0,0.9598062295780048,-0.06419786568340728,-0.64
1,0,-1.2434299604304357,0.6601388746205964,-0.64
1,0,0.22539416624185796,-0.06419786568340728,-0.64
1,1,0.22539416624185796,-0.3056434457847422,-0.65
1,0,0.5926001979099313,0.41869329451926146,-0.65
1,1,1.3270122612460782,0.41869329451926146,-0.65
1,1,0.041791150407821255,-0.06419786568340728,-0.65
1,0,-0.9680254366793806,-0.3056434457847422,-0.65
1,1,1.8778213087481883,1.1430300348232663,-0.65
1,0,-1.2434299604304357,-1.029980186088747,-0.66
1,1,-0.0500103575091971,-1.029980186088747,-0.66
1,0,1.1434092454120415,-0.06419786568340728,-0.66
1,1,-1.7942390079325459,0.41869329451926146,-0.66
1,1,-1.6106359920985092,-0.788534605987412,-0.66
1,0,-1.8860405158495641,-1.029980186088747,-0.67
1,1,-0.32541488126025214,0.9015844547219313,-0.67
1,0,1.3270122612460782,-0.3056434457847422,-0.67
1,1,-0.14181186542621546,-0.3056434457847422,-0.67
1,0,0.5926001979099313,0.41869329451926146,-0.67
1,0,-0.14181186542621546,-0.5470890258860771,-0.68
1,1,0.40899718207589464,-0.3056434457847422,-0.68
1,1,0.041791150407821255,0.41869329451926146,-0.68
1,1,0.041791150407821255,0.17724771441792656,-0.68
1,0,-0.7844224208453439,-2.2372080865954205,-0.68
1,0,1.3270122612460782,0.17724771441792656,-0.69
1,0,1.510615277080115,1.1430300348232663,-0.69
1,0,-0.4172163891772705,0.41869329451926146,-0.69
1,0,0.40899718207589464,0.9015844547219313,-0.69
1,1,1.2352107533290597,1.3844756149246,-0.69
1,0,-0.8762239287623622,-1.5128713462914156,-0.7
1,1,0.041791150407821255,-0.5470890258860771,-0.7
1,0,-0.32541488126025214,1.3844756149246,-0.7
1,1,-1.7024375000155274,-0.5470890258860771,-0.7
1,1,-0.6926209129283255,-0.3056434457847422,-0.7
1,0,-0.32541488126025214,-0.3056434457847422,-0.7
1,1,-0.5090178970942889,0.17724771441792656,-0.71
1,1,-2.1614450396006193,-0.788534605987412,-0.71
1,0,0.40899718207589464,1.625921195025935,-0.71
1,1,-0.5090178970942889,0.41869329451926146,-0.71
1,0,2.061424324582225,0.17724771441792656,-0.72
1,0,-0.14181186542621546,-1.5128713462914156,-0.72
1,1,0.9598062295780048,0.6601388746205964,-0.72
1,1,0.40899718207589464,1.3844756149246,-0.72
1,1,-0.14181186542621546,-1.5128713462914156,-0.72
1,0,-0.32541488126025214,-0.5470890258860771,-0.72
1,0,0.041791150407821255,0.17724771441792656,-0.73
1,1,1.6942182929141516,1.3844756149246,-0.73
1,0,-1.9778420237665826,-1.5128713462914156,-0.73
1,1,-0.5090178970942889,-0.788534605987412,-0.73
1,0,0.22539416624185796,0.17724771441792656,-0.73
1,0,0.40899718207589464,-1.029980186088747,-0.73
1,1,-0.5090178970942889,-0.788534605987412,-0.73
1,0,-0.6926209129283255,-0.3056434457847422,-0.74
1,0,-1.2434299604304357,-1.2714257661900807,-0.74
1,0,-0.14181186542621546,0.6601388746205964,-0.74
1,0,-0.14181186542621546,-1.029980186088747,-0.75
1,1,-0.6926209129283255,-1.5128713462914156,-0.75
1,0,-1.9778420237665826,0.17724771441792656,-0.75
1,1,-0.6926209129283255,-0.3056434457847422,-0.75
1,1,-1.6106359920985092,-0.5470890258860771,-0.76
1,1,-0.14181186542621546,-0.3056434457847422,-0.76
1,0,1.8778213087481883,-1.7543169263927505,-0.76
1,1,0.9598062295780048,0.41869329451926146,-0.76
1,1,-0.2336133733432338,-1.029980186088747,-0.76
1,0,0.5926001979099313,0.9015844547219313,-0.76
1,0,-0.6926209129283255,-0.3056434457847422,-0.77
1,1,0.40899718207589464,1.3844756149246,-0.77
1,0,-1.059826944596399,-0.788534605987412,-0.77
1,1,0.9598062295780048,0.9015844547219313,-0.77
1,1,-0.32541488126025214,-0.5470890258860771,-0.77
1,0,-0.14181186542621546,-0.3056434457847422,-0.77
1,0,0.7762032137439681,0.9015844547219313,-0.77
1,1,-1.7942390079325459,0.17724771441792656,-0.78
1,0,0.5926001979099313,-0.06419786568340728,-0.78
1,0,1.510615277080115,1.625921195025935,-0.78
1,1,-0.14181186542621546,-0.06419786568340728,-0.78
1,1,0.5926001979099313,1.8673667751272698,-0.78
1,0,1.510615277080115,1.1430300348232663,-0.79
1,0,-0.5090178970942889,-1.5128713462914156,-0.79
1,0,-2.4735701665184813,-1.029980186088747,-0.79
1,1,-3.8689530868571604,-2.2372080865954205,-0.79
1,1,-0.5090178970942889,0.6601388746205964,-0.79
1,1,-1.7942390079325459,-0.3056434457847422,-0.79
1,1,0.6844017058269497,-0.06419786568340728,-0.79
1,0,-3.2630631346048395,-0.5470890258860771,-0.8
1,0,0.5926001979099313,0.41869329451926146,-0.8
1,0,-0.6008194050113072,0.17724771441792656,-0.8
1,1,-0.6926209129283255,-1.2714257661900807,-0.8
1,0,0.9598062295780048,-1.029980186088747,-0.81
1,0,0.7762032137439681,-0.788534605987412,-0.81
1,1,-0.14181186542621546,-0.3056434457847422,-0.81
1,0,0.9598062295780048,-1.2714257661900807,-0.81
1,0,0.5926001979099313,0.17724771441792656,-0.81
1,0,-1.6106359920985092,0.41869329451926146,-0.81
1,0,0.5926001979099313,1.1430300348232663,-0.81
1,0,0.5926001979099313,-1.9957625064940856,-0.82
1,1,-1.4270329762644725,-0.788534605987412,-0.82
1,1,0.5926001979099313,-0.5470890258860771,-0.82
1,0,-0.6926209129283255,0.6601388746205964,-0.82
1,1,-0.8762239287623622,-1.029980186088747,-0.83
1,1,-0.8762239287623622,0.17724771441792656,-0.83
1,0,-1.9778420237665826,-0.06419786568340728,-0.83
1,0,0.22539416624185796,-1.7543169263927505,-0.84
1,0,-1.2434299604304357,-0.06419786568340728,-0.84
1,1,-0.7844224208453439,0.6601388746205964,-0.84
1,0,-1.059826944596399,-0.788534605987412,-0.84
1,0,0.041791150407821255,-1.2714257661900807,-0.85
1,0,1.6942182929141516,0.6601388746205964,-0.85
1,1,-0.8762239287623622,-1.029980186088747,-0.85
1,1,1.6942182929141516,-0.06419786568340728,-0.85
1,1,0.7762032137439681,0.41869329451926146,-0.85
1,0,1.510615277080115,1.625921195025935,-0.85
1,1,-2.1614450396006193,-1.9957625064940856,-0.85
1,0,-0.5090178970942889,-1.029980186088747,-0.86
1,1,-1.5188344841814907,-1.9957625064940856,-0.86
1,1,-1.6106359920985092,-0.5470890258860771,-0.86
1,1,0.041791150407821255,-0.3056434457847422,-0.86
1,0,-0.8762239287623622,-1.7543169263927505,-0.86
1,0,0.40899718207589464,-0.3056434457847422,-0.86
1,1,-0.8762239287623622,0.17724771441792656,-0.87
1,1,0.22539416624185796,0.17724771441792656,-0.87
1,1,-0.5090178970942889,-0.788534605987412,-0.87
1,1,-2.1614450396006193,-0.06419786568340728,-0.88
1,1,-1.059826944596399,-0.3056434457847422,-0.89
1,1,-1.9778420237665826,0.9015844547219313,-0.89
1,1,0.22539416624185796,0.17724771441792656,-0.89
1,0,-1.1516284525134173,-1.9957625064940856,-0.89
1,1,-0.6926209129283255,-0.788534605987412,-0.89
1,1,-0.32541488126025214,-0.5470890258860771,-0.9
1,1,-0.6926209129283255,-0.5470890258860771,-0.9
1,0,-0.6926209129283255,-1.029980186088747,-0.9
1,1,-0.32541488126025214,-1.9957625064940856,-0.9
1,0,0.5926001979099313,-1.5128713462914156,-0.9
1,0,-1.059826944596399,-0.3056434457847422,-0.91
1,1,0.40899718207589464,-0.3056434457847422,-0.91
1,0,-0.4172163891772705,0.9015844547219313,-0.91
1,0,-0.14181186542621546,-1.5128713462914156,-0.91
1,1,-1.2434299604304357,0.9015844547219313,-0.91
1,0,-0.14181186542621546,-0.06419786568340728,-0.91
1,0,0.9598062295780048,-0.788534605987412,-0.92
1,1,-1.7942390079325459,0.6601388746205964,-0.92
1,0,0.041791150407821255,-0.06419786568340728,-0.92
1,0,-0.32541488126025214,-0.06419786568340728,-0.92
1,0,0.22539416624185796,-0.788534605987412,-0.92
1,1,-1.335231468347454,0.41869329451926146,-0.93
1,1,-0.6926209129283255,1.3844756149246,-0.93
1,0,-1.555555087348298,-1.029980186088747,-0.93
1,1,-0.5090178970942889,0.41869329451926146,-0.93
1,1,-2.1614450396006193,-0.788534605987412,-0.94
1,0,0.22539416624185796,-2.4786536666967542,-0.94
1,1,-0.6008194050113072,-0.3056434457847422,-0.95
1,1,0.22539416624185796,-0.5470890258860771,-0.95
1,1,-0.14181186542621546,-0.5470890258860771,-0.96
1,1,-1.2434299604304357,1.3844756149246,-0.96
1,0,1.3270122612460782,1.3844756149246,-0.96
1,1,-2.895857102936766,-0.5470890258860771,-0.96
1,1,0.041791150407821255,-1.7543169263927505,-0.96
1,0,0.8680047216609864,-0.3056434457847422,-0.96
1,1,-1.059826944596399,0.6601388746205964,-0.96
1,0,-1.7942390079325459,-1.9957625064940856,-0.96
1,0,-0.8762239287623622,-0.06419786568340728,-0.96
1,0,-1.2434299604304357,-0.06419786568340728,-0.97
1,0,0.5926001979099313,-0.5470890258860771,-0.97
1,1,-0.14181186542621546,-1.029980186088747,-0.97
1,0,-1.4270329762644725,-0.788534605987412,-0.98
1,1,-0.32541488126025214,-0.3056434457847422,-0.98
1,0,-0.7844224208453439,0.17724771441792656,-0.99
1,0,-0.14181186542621546,0.41869329451926146,-0.99
1,1,-0.9680254366793806,0.9015844547219313,-1.0
1,1,0.40899718207589464,-0.3056434457847422,-1.0
1,0,0.22539416624185796,1.625921195025935,-1.0
1,0,-3.630269166272913,-1.7543169263927505,-1.0
1,0,-0.14181186542621546,-1.029980186088747,-1.01
1,1,1.510615277080115,-0.788534605987412,-1.01
1,0,-0.32541488126025214,0.9015844547219313,-1.01
1,0,-1.6106359920985092,0.9015844547219313,-1.01
1,1,-1.5188344841814907,-0.5470890258860771,-1.01
1,0,1.510615277080115,-1.2714257661900807,-1.01
1,0,-0.8762239287623622,0.17724771441792656,-1.01
1,1,0.500798689992913,0.41869329451926146,-1.02
1,1,-3.0794601187708026,-0.5470890258860771,-1.02
1,1,-0.5090178970942889,0.9015844547219313,-1.02
1,1,-0.32541488126025214,1.3844756149246,-1.03
1,1,0.40899718207589464,0.6601388746205964,-1.03
1,0,0.5926001979099313,-0.3056434457847422,-1.03
1,0,-0.14181186542621546,0.41869329451926146,-1.03
1,0,1.3270122612460782,-0.3056434457847422,-1.03
1,1,0.9598062295780048,1.625921195025935,-1.03
1,0,1.6942182929141516,1.1430300348232663,-1.03
1,0,-0.6926209129283255,0.41869329451926146,-1.04
1,1,0.22539416624185796,-0.06419786568340728,-1.04
1,0,-0.8762239287623622,-1.9957625064940856,-1.04
1,0,-1.2434299604304357,-0.5470890258860771,-1.04
1,0,0.40899718207589464,-0.5470890258860771,-1.05
1,1,-1.4270329762644725,1.3844756149246,-1.06
1,0,0.041791150407821255,-1.2714257661900807,-1.07
1,1,-1.9778420237665826,-1.029980186088747,-1.07
1,0,0.9598062295780048,1.1430300348232663,-1.07
1,1,-0.6926209129283255,0.6601388746205964,-1.07
1,1,-4.548284245443097,-0.788534605987412,-1.08
1,0,-1.4270329762644725,-1.7543169263927505,-1.08
1,0,0.9598062295780048,1.625921195025935,-1.08
1,1,0.041791150407821255,0.17724771441792656,-1.08
1,0,0.7762032137439681,-0.06419786568340728,-1.08
1,1,0.22539416624185796,-0.06419786568340728,-1.09
1,1,-0.6926209129283255,-0.06419786568340728,-1.09
1,1,0.40899718207589464,0.17724771441792656,-1.09
1,1,-1.059826944596399,0.41869329451926146,-1.09
1,1,-0.8762239287623622,-1.029980186088747,-1.09
1,0,-0.8762239287623622,-1.029980186088747,-1.1
1,0,-0.14181186542621546,-1.7543169263927505,-1.1
1,1,-1.1516284525134173,-0.788534605987412,-1.1
1,1,-2.3450480554346558,-1.029980186088747,-1.1
1,1,-0.5090178970942889,0.6601388746205964,-1.12
1,0,-1.059826944596399,-0.3056434457847422,-1.12
1,1,0.40899718207589464,1.1430300348232663,-1.13
1,1,0.7762032137439681,0.9015844547219313,-1.13
1,0,0.5926001979099313,-2.2372080865954205,-1.13
1,1,-0.8762239287623622,0.41869329451926146,-1.13
1,0,-0.5090178970942889,-1.7543169263927505,-1.14
1,1,-1.2434299604304357,-0.788534605987412,-1.14
1,0,-3.0794601187708026,-0.5470890258860771,-1.14
1,1,-3.0794601187708026,-1.9957625064940856,-1.14
1,0,-0.8762239287623622,-1.5128713462914156,-1.15
1,1,1.8778213087481883,-0.06419786568340728,-1.15
1,0,-0.6926209129283255,-0.06419786568340728,-1.15
1,0,-0.14181186542621546,-1.9957625064940856,-1.15
1,1,0.041791150407821255,-0.06419786568340728,-1.15
1,1,0.041791150407821255,-0.3056434457847422,-1.15
1,0,0.7762032137439681,0.17724771441792656,-1.15
1,1,0.40899718207589464,0.41869329451926146,-1.16
1,1,-1.7942390079325459,-0.788534605987412,-1.16
1,1,-0.6926209129283255,-0.3056434457847422,-1.16
1,1,0.041791150407821255,1.625921195025935,-1.16
1,1,0.041791150407821255,1.625921195025935,-1.17
1,1,-1.2434299604304357,1.1430300348232663,-1.17
1,0,-1.2434299604304357,-0.5470890258860771,-1.17
1,0,-0.5090178970942889,-0.788534605987412,-1.17
1,1,0.041791150407821255,0.9015844547219313,-1.18
1,1,0.041791150407821255,0.41869329451926146,-1.18
1,0,-0.32541488126025214,-0.06419786568340728,-1.19
1,1,-1.4270329762644725,1.3844756149246,-1.2
1,1,-1.6106359920985092,-1.7543169263927505,-1.2
1,1,-1.059826944596399,-0.06419786568340728,-1.2
1,1,0.9598062295780048,0.9015844547219313,-1.2
1,1,-0.2336133733432338,0.41869329451926146,-1.2
1,1,0.5926001979099313,1.1430300348232663,-1.22
1,1,-0.32541488126025214,1.3844756149246,-1.22
1,0,0.041791150407821255,0.6601388746205964,-1.22
1,1,0.3171956741588763,1.1430300348232663,-1.23
1,0,0.041791150407821255,-2.961544826899424,-1.23
1,0,-0.32541488126025214,0.6601388746205964,-1.23
1,0,-0.32541488126025214,-0.788534605987412,-1.23
1,0,0.40899718207589464,-1.2714257661900807,-1.23
1,1,0.22539416624185796,-0.5470890258860771,-1.23
1,1,-1.6106359920985092,-0.3056434457847422,-1.24
1,0,-2.1614450396006193,-0.788534605987412,-1.24
1,0,-0.32541488126025214,-1.029980186088747,-1.24
1,0,-1.335231468347454,-1.5128713462914156,-1.25
1,1,-1.4270329762644725,-1.7543169263927505,-1.26
1,0,-0.14181186542621546,-0.788534605987412,-1.26
1,1,-0.6926209129283255,-0.3056434457847422,-1.26
1,1,-2.1614450396006193,-2.2372080865954205,-1.26
1,0,-1.059826944596399,-1.5128713462914156,-1.26
1,1,0.041791150407821255,-1.7543169263927505,-1.27
1,0,-0.4172163891772705,-1.2714257661900807,-1.27
1,0,-1.1516284525134173,-1.5128713462914156,-1.28
1,0,-1.335231468347454,-0.06419786568340728,-1.28
1,1,-2.3450480554346558,-1.7543169263927505,-1.28
1,1,0.9598062295780048,1.625921195025935,-1.29
1,0,-1.1516284525134173,0.9015844547219313,-1.29
1,0,1.8778213087481883,0.6601388746205964,-1.3
1,1,-0.14181186542621546,-0.06419786568340728,-1.3
1,1,0.041791150407821255,-0.06419786568340728,-1.32
1,1,0.7762032137439681,-0.06419786568340728,-1.33
1,1,0.041791150407821255,0.6601388746205964,-1.35
1,1,-0.6926209129283255,-0.5470890258860771,-1.35
1,1,-0.8762239287623622,0.9015844547219313,-1.36
1,0,-0.8762239287623622,-1.029980186088747,-1.36
1,0,2.061424324582225,1.1430300348232663,-1.36
1,1,0.041791150407821255,-0.5470890258860771,-1.37
1,0,-2.3450480554346558,-1.9957625064940856,-1.37
1,1,-0.32541488126025214,-0.3056434457847422,-1.38
1,1,-2.3450480554346558,-0.788534605987412,-1.38
1,0,0.22539416624185796,-0.06419786568340728,-1.38
1,0,-1.6106359920985092,-0.788534605987412,-1.4
1,0,-0.6926209129283255,-1.7543169263927505,-1.4
1,1,-1.7942390079325459,-1.7543169263927505,-1.4
1,1,-0.5090178970942889,0.41869329451926146,-1.4
1,0,0.40899718207589464,-0.06419786568340728,-1.41
1,1,-0.14181186542621546,0.6601388746205964,-1.41
1,1,0.9598062295780048,-0.5470890258860771,-1.42
1,1,-0.14181186542621546,0.17724771441792656,-1.42
1,0,-2.5286510712686927,0.9015844547219313,-1.42
1,0,-0.6926209129283255,0.6601388746205964,-1.43
1,1,0.9598062295780048,0.9015844547219313,-1.43
1,0,0.041791150407821255,0.41869329451926146,-1.43
1,0,1.6942182929141516,0.6601388746205964,-1.43
1,0,-0.14181186542621546,-2.7200992467980893,-1.44
1,1,-2.5286510712686927,-0.788534605987412,-1.44
1,1,0.22539416624185796,0.9015844547219313,-1.45
1,0,-0.14181186542621546,0.6601388746205964,-1.47
1,1,-2.3450480554346558,-1.7543169263927505,-1.47
1,0,-0.8762239287623622,-0.06419786568340728,-1.5
1,0,0.5926001979099313,0.17724771441792656,-1.5
1,1,-0.32541488126025214,0.41869329451926146,-1.51
1,0,1.3270122612460782,-0.3056434457847422,-1.51
1,0,-2.5286510712686927,0.9015844547219313,-1.52
1,0,-0.2336133733432338,-1.029980186088747,-1.52
1,1,0.9598062295780048,1.625921195025935,-1.52
1,1,-0.32541488126025214,0.17724771441792656,-1.52
1,0,-1.1516284525134173,-0.5470890258860771,-1.52
1,1,-2.3450480554346558,-1.5128713462914156,-1.53
1,0,0.7762032137439681,1.1430300348232663,-1.54
1,1,-0.32541488126025214,-1.5128713462914156,-1.55
1,0,0.40899718207589464,-0.5470890258860771,-1.55
1,1,-2.1614450396006193,0.6601388746205964,-1.56
1,1,-0.32541488126025214,-1.029980186088747,-1.56
1,1,-2.6204525791857107,-2.4786536666967542,-1.57
1,0,-0.6926209129283255,-1.2714257661900807,-1.57
1,1,-1.059826944596399,0.6601388746205964,-1.58
1,0,1.1434092454120415,-0.788534605987412,-1.59
1,1,-2.1614450396006193,-1.5128713462914156,-1.62
1,1,-0.7844224208453439,0.9015844547219313,-1.63
1,1,-2.4368495633516742,-1.029980186088747,-1.63
1,0,-2.712254087102729,-1.7543169263927505,-1.64
1,0,-3.207982229854628,-0.06419786568340728,-1.65
1,1,-0.5090178970942889,-2.2372080865954205,-1.65
1,0,-1.4270329762644725,-1.9957625064940856,-1.68
1,0,-0.8762239287623622,-0.788534605987412,-1.68
1,1,0.7762032137439681,1.3844756149246,-1.68
1,0,0.22539416624185796,-0.5470890258860771,-1.68
1,1,0.22539416624185796,-0.3056434457847422,-1.69
1,1,-1.9778420237665826,-0.5470890258860771,-1.7
1,0,-0.32541488126025214,-1.029980186088747,-1.7
1,0,-0.5090178970942889,-1.2714257661900807,-1.71
1,0,-1.059826944596399,-1.5128713462914156,-1.72
1,0,-0.32541488126025214,-1.029980186088747,-1.72
1,1,-1.9227611190163714,0.41869329451926146,-1.73
1,0,-1.3719520715142612,-1.9957625064940856,-1.73
1,1,-0.14181186542621546,0.41869329451926146,-1.73
1,0,-0.32541488126025214,-0.788534605987412,-1.74
1,1,0.5926001979099313,-0.06419786568340728,-1.76
1,1,-0.8762239287623622,-1.2714257661900807,-1.77
1,0,-0.14181186542621546,-0.788534605987412,-1.77
1,1,-0.5090178970942889,-1.9957625064940856,-1.78
1,1,0.5926001979099313,-0.06419786568340728,-1.8
1,1,0.40899718207589464,-1.029980186088747,-1.81
1,0,0.22539416624185796,-0.5470890258860771,-1.81
1,1,0.9598062295780048,1.1430300348232663,-1.81
1,1,1.3270122612460782,-0.5470890258860771,-1.83
1,1,-2.5286510712686927,0.41869329451926146,-1.83
1,0,-0.32541488126025214,-1.2714257661900807,-1.85
1,0,0.40899718207589464,1.8673667751272698,-1.86
1,1,-1.2434299604304357,0.9015844547219313,-1.88
1,0,-1.059826944596399,1.3844756149246,-1.9
1,0,-0.8762239287623622,-3.202990407000759,-1.9
1,1,-1.1516284525134173,-0.06419786568340728,-1.92
1,1,0.5926001979099313,-1.029980186088747,-1.94
1,1,-0.6926209129283255,-0.06419786568340728,-2.0
1,1,-0.9680254366793806,-1.9957625064940856,-2.02
1,1,-3.2630631346048395,-0.5470890258860771,-2.02
1,0,-2.987658610853784,-2.4786536666967542,-2.09
1,0,-1.9778420237665826,-0.788534605987412,-2.09
1,0,-3.446666150438876,-1.5128713462914156,-2.1
1,0,-3.446666150438876,0.17724771441792656,-2.12
1,1,0.5926001979099313,-1.029980186088747,-2.12
1,0,-0.14181186542621546,-0.5470890258860771,-2.14
1,0,-0.14181186542621546,-0.06419786568340728,-2.15
1,1,-1.2434299604304357,0.9015844547219313,-2.16
1,1,0.7762032137439681,0.41869329451926146,-2.16
1,0,-1.555555087348298,-1.9957625064940856,-2.18
1,0,-1.7942390079325459,-0.3056434457847422,-2.22
1,1,0.22539416624185796,0.17724771441792656,-2.22
1,0,0.9598062295780048,-0.5470890258860771,-2.25
1,0,-0.14181186542621546,1.1430300348232663,-2.3
1,0,-0.6926209129283255,1.1430300348232663,-2.3
1,1,-1.6106359920985092,0.41869329451926146,-2.37
1,0,0.9598062295780048,0.9015844547219313,-2.42
1,1,-3.8138721821069494,-0.3056434457847422,-2.45
1,0,0.22539416624185796,0.41869329451926146,-2.64
1,0,-1.2434299604304357,-0.788534605987412,-2.74
